(08004,27817,0,0)
(08001,24850,0,19)
(08040,25855,18,1)
(08370,19322,0,0)
(08492,27360,0,0)
(08488,27151,0,0)
(08016,25663,0,0)
(08015,17755,0,1899)
(08010,22518,0,0)
(08052,19231,0,0)
(08210,8575,0,17836)
(08264,17437,0,0)
(08333,25942,0,1)
(08336,18492,768,0)
(08337,6815,0,0)
(08174,27482,0,0)
(08144,24709,0,0)
(08149,19156,0,0)
(08063,26796,0,0)
(08254,22773,0,0)
(08251,27324,0,0)
(08023,18573,0,1627)
(08286,11780,0,14121)
(08276,27541,0,0)
(08348,11038,0,13438)
(08351,27072,0,0)
(08346,25751,0,0)
(08277,23444,0,0)
(08256,26847,0,0)
(08424,23795,301,0)
(08423,27637,0,0)
(08232,14506,0,6799)
(08150,25293,0,0)
(08226,28021,0,3)
(08380,28375,0,0)
(08095,24102,0,0)
(08103,23643,0,0)
(08309,24752,0,2)
(08312,24563,0,0)
(08354,28410,0,0)
(08350,28112,0,0)
(60027,20785,0,0)
(60045,26024,0,0)
(08053,27501,0,0)
(08057,24072,0,0)
(08112,27751,0,0)
(08008,24796,0,1)
(08215,12203,0,0)
(08463,25041,0,0)
(08432,26910,0,0)
(08365,23162,4274,0)
(08430,10511,0,14679)
(08356,27979,0,0)
(08087,28119,0,0)
(08051,27998,0,0)
(08048,11889,0,14313)
(08058,22899,0,0)
(08068,27235,0,0)
(08044,23337,0,658)
(08205,25471,0,0)
(08129,23847,0,0)
(08195,26909,0,0)
(08143,24968,0,0)
(08213,12155,0,12594)
(08399,26467,0,0)
(08148,26540,0,0)
(08238,25152,0,1)
(08235,27957,0,0)
(08233,27800,0,19)
(08166,24581,0,0)
(08272,19695,0,8660)
(08274,18981,0,0)
(08273,23901,0,8)
(08290,10414,0,0)
(08281,27056,0,0)
(08141,27822,0,3)
(08130,27404,0,0)
(08056,27282,0,0)
(08125,23337,0,0)
(08156,28209,0,3)
(08165,27840,0,0)