(08004,27817,0,0)
(08005,20217,0,385)
(1363X,28768,0,7)
(08001,24137,0,732)
(08002,28459,0,14)
(1390X,28766,0,5)
(08006,28448,0,0)
(1399,28752,0,6)
(08040,25720,0,154)
(1406X,25438,0,3282)
(1410X,28745,0,18)
(08042,28264,0,16)
(1435C,19576,0,28)
(1442U,28738,0,3)
(08039,28588,0,0)
(08041,26341,0,0)
(1476R,28760,0,2)
(1044X,24989,0,20)
(1060X,28776,0,4)
(9060X,28712,0,41)
(9073X,28764,0,17)
(08080,27701,0,13)
(9122I,28738,0,22)
(9145X,28725,0,5)
(9178X,28685,0,2)
(4007Y,28770,0,5)
(4096Y,28716,0,8)
(7066Y,6553,0,10)
(7067Y,445,0,0)
(7072Y,690,0,0)
(08355,25597,0,0)
(7103Y,28769,0,4)
(08278,7997,0,0)
(08279,28622,0,0)
(8198Y,25069,0,15)
(7244X,28760,0,5)
(08357,24934,0,10)
(7261X,28758,0,6)
(8008Y,28762,0,3)
(8013X,28766,0,9)
(8018X,28754,0,10)
(08360,28002,0,96)
(08359,28191,0,1)
(08370,19322,0,0)
(8057C,28748,0,18)
(8059C,28771,0,11)
(5060X,28764,0,2)
(08486,24272,0,6)
(6277X,28423,0,10)
(6291B,28590,0,2)
(08492,27360,0,0)
(08427,24680,0,1)
(6307X,10012,0,28)
(08487,27911,0,21)
(6329X,28755,0,6)
(08488,27151,0,0)
(6340X,28766,0,7)
(6364X,28718,0,1)
(08428,24337,0,0)
(08490,25625,48,0)
(1179B,28744,0,12)
(08016,25663,0,0)
(1186P,28680,0,44)
(1199X,28556,0,214)
(1203D,26885,0,43)
(08014,28576,0,1)
(08012,28018,0,0)
(08011,22920,0,39)
(08031,22291,0,1)
(1223P,28689,0,22)
(1226X,28541,0,13)
(1234P,28748,0,3)
(08015,19654,0,0)
(1272B,28047,0,15)
(1276F,17406,0,7)
(1279X,17973,0,48)
(08010,22518,0,0)
(1302F,28184,0,9)
(1309C,28731,0,37)
(1327A,4003,6,8322)
(08009,28629,0,0)
(1341B,28730,0,15)
(08052,19231,0,0)
(2430Y,28776,0,6)
(08210,26405,0,6)
(2453E,28757,0,2)
(2456B,28750,0,12)
(2512Y,28750,0,6)
(08206,19633,0,0)
(2828Y,28749,0,5)
(3319D,28760,0,7)
(3337U,28762,0,9)
(08208,28767,0,0)
(3422D,28737,0,13)
(08264,17160,0,277)
(4260,28746,0,9)
(4325X,28743,0,10)
(4340,27349,0,13)
(08333,25942,0,1)
(08336,12885,0,6375)
(4395X,28760,0,16)
(08331,27210,0,156)
(4427X,28763,0,8)
(4436Y,28185,0,520)
(08330,27382,0,3)
(4464X,23157,209,5388)
(4468X,28760,0,6)
(4478X,28767,0,7)
(4486X,28760,0,4)
(4489X,28734,0,6)
(4492E,28745,0,18)
(4497X,27872,0,6)
(4499X,28756,0,3)
(4501X,28739,0,7)
(08337,6815,0,0)
(4520X,28755,0,9)
(5473X,28763,0,3)
(0061X,21351,0,39)
(0066X,28769,0,10)
(0073X,28764,0,16)
(08181,27083,0,13)
(0092X,28718,0,22)
(0106X,28735,0,12)
(0114X,28310,0,23)
(0120X,28757,6,17)
(08174,27482,0,0)
(0158X,28757,0,4)
(08179,27889,0,33)
(08180,24212,0,0)
(0201X,28739,0,3)
(0222X,28758,0,14)
(08192,25337,0,9)
(0244X,28755,0,7)
(08186,5720,0,19179)
(08188,24363,0,0)
(0260X,28750,0,5)
(2106B,24702,0,12)
(08144,24709,0,0)
(2290Y,26496,0,243)
(08149,19156,0,0)
(2302N,28754,0,6)
(2311Y,28769,0,11)
(9012E,24891,0,230)
(9031C,28762,0,4)
(08063,26796,0,0)
(9069C,28760,0,10)
(08077,26418,0,1)
(3386A,21125,0,11)
(3423I,28736,0,10)
(08254,22773,0,0)
(3436D,28739,0,19)
(3448X,28752,0,0)
(3455X,27541,0,32)
(08263,27128,0,78)
(08261,28772,0,0)
(3475X,27950,0,21)
(3494U,28770,0,2)
(3503,28779,0,4)
(3504X,28754,0,5)
(3512X,28760,0,5)
(3514B,28751,0,8)
(3516X,26710,0,1558)
(08252,28273,0,0)
(08251,26494,0,830)
(3531X,28763,0,11)
(3536X,28762,0,4)
(3540X,28732,0,19)
(3547X,12121,0,12415)
(3562X,28741,0,8)
(3565X,28783,0,1)
(08260,21947,0,2)
(4245X,28758,0,1)
(4339X,28737,0,6)
(4347X,28761,0,4)
(4411C,28748,0,11)
(5906X,28761,0,18)
(08455,28182,0,446)
(5919X,28756,0,14)
(5941X,28756,0,11)
(5950X,28664,0,11)
(08451,28124,0,4)
(08453,27193,0,0)
(5983X,980,0,129)
(08457,28778,0,0)
(5996B,28750,0,10)
(08458,23065,0,52)
(6042I,28746,0,13)
(6056X,26391,0,33)
(08020,7530,0,12)
(1096X,28660,0,2)
(08021,27468,0,149)
(08023,20200,0,0)
(1124E,28739,0,3)
(1135C,28754,0,1)
(1154H,23455,0,16)
(08017,28357,0,0)
(1167B,27974,0,28)
(1174I,28754,0,18)
(1176A,4369,0,6)
(1740,9985,2,1194)
(08032,26081,0,0)
(9016X,28451,0,12)
(08033,27725,0,1)
(8439X,28758,0,20)
(8472A,21542,0,23)
(8492X,26228,0,12)
(08286,25901,0,0)
(8503Y,28760,0,5)
(8520X,27405,0,65)
(08239,28383,0,0)
(08237,20760,0,6)
(60320,27723,0,0)
(4064Y,28667,0,1)
(08276,27541,0,0)
(08348,24476,0,0)
(4138Y,22012,0,6749)
(08351,27072,0,0)
(08345,19096,0,0)
(4210Y,17,0,1)
(08271,12180,0,2232)
(4300Y,27014,0,2)
(5304Y,28756,0,2)
(5341C,26304,0,42)
(4263X,28734,0,41)
(08335,23254,0,306)
(5346X,28760,0,7)
(5361X,28736,0,9)
(08346,25751,0,0)
(5394X,28773,0,6)
(08410,28460,0,5)
(5412X,28779,0,7)
(08412,28279,0,1)
(5459X,28751,0,8)
(5470,28309,0,10)
(5598X,28330,0,7)
(5624X,28751,0,6)
(5625X,28301,0,10)
(3040Y,28730,0,21)
(08230,24402,1,0)
(08277,23444,0,0)
(4051Y,13737,0,8)
(4070Y,16355,0,8)
(4075Y,28767,0,6)
(08256,26847,0,0)
(4093Y,18086,0,12)
(4095Y,28773,0,4)
(08231,28273,0,1)
(8155Y,28763,0,5)
(8245Y,28629,0,51)
(0281Y,28753,0,7)
(0284X,28757,0,10)
(0312X,28746,0,7)
(0320I,28715,0,31)
(08118,25365,0,3)
(0360X,28662,0,18)
(0363X,28704,0,19)
(08184,21042,0,10)
(0370E,28704,0,44)
(0385X,28753,0,7)
(0394X,28762,0,5)
(0411X,28753,0,20)
(0421X,28768,0,10)
(0429X,28749,0,11)
(08117,23652,0,8)
(08424,23795,0,301)
(08423,27637,0,0)
(5515X,28752,0,9)
(08419,27646,0,23)
(08414,24709,0,439)
(6258X,28602,0,157)
(6267X,28768,0,4)
(08485,27084,0,0)
(6268Y,28370,0,5)
(6272X,28736,0,30)
(6281X,28746,0,20)
(08232,21305,0,0)
(08150,25293,0,0)
(3140Y,28617,0,17)
(08226,28021,0,3)
(3209Y,21039,0,47)
(1012P,28583,0,14)
(08029,27298,0,13)
(1021X,4544,0,6)
(1025X,28729,0,10)
(1026X,28721,0,5)
(1037X,28615,0,4)
(08037,28555,0,0)
(1038X,28763,0,12)
(08026,27728,0,0)
(1048X,28687,0,12)
(1049X,10006,0,4)
(08036,25747,0,6)
(1052A,28749,0,6)
(4527X,28746,0,4)
(08381,27396,0,1118)
(4554X,28764,0,9)
(08380,28375,0,0)
(4575X,28722,0,4)
(4584X,28761,0,4)
(4589X,21971,0,41)
(4608X,26295,0,9)
(08383,26502,0,0)
(5769X,28752,0,4)
(5858X,28736,0,20)
(08384,28452,0,0)
(08097,25070,0,0)
(08091,25328,0,0)
(9207,28680,0,20)
(08095,24102,0,0)
(9211F,20282,0,28)
(9453X,28766,0,3)
(9460X,28708,0,0)
(9491X,28727,0,9)
(9751,28768,0,4)
(9756X,28631,0,21)
(08103,23643,0,0)
(08101,24484,0,1)
(08104,24235,0,0)
(08106,21614,0,0)
(9843A,28632,0,5)
(9855E,28769,0,10)
(9866C,28633,0,14)
(08163,25647,0,0)
(9894Y,28528,0,14)
(08094,24636,0,1)
(9901X,28697,0,6)
(9908X,28645,0,5)
(9911X,28756,0,8)
(08168,27990,0,355)
(9918Y,23095,0,5574)
(9924X,28710,0,5)
(08304,27474,0,2)
(B087X,28757,0,5)
(B158X,28769,0,7)
(08301,28405,0,0)
(B236C,28772,0,10)
(08303,24205,0,172)
(08306,27823,0,29)
(08308,28750,0,11)
(B334X,28385,0,4)
(08310,27786,0,1)
(B362X,28749,0,5)
(B373X,28773,0,8)
(08309,24730,1,23)
(B496X,28754,0,5)
(B526X,28755,0,3)
(08311,27789,0,1)
(B603X,25977,0,4)
(B605X,28747,0,28)
(B614E,28761,0,14)
(B644B,28763,0,6)
(B662X,28727,0,17)
(08312,24560,0,3)
(B760X,28740,0,26)
(B780X,27590,0,10)
(B825B,27993,0,131)
(B860X,28761,0,7)
(08314,28234,0,23)
(B908X,28605,0,2)
(08373,27602,0,21)
(08353,28599,0,0)
(5038Y,28777,0,7)
(5165X,21682,0,14)
(08352,26626,0,74)
(08354,28410,0,0)
(5210X,28748,0,6)
(08350,28112,0,0)
(08417,27614,0,8)
(5279X,28770,0,0)
(5281X,28730,0,15)
(08347,23774,0,4008)
(5406X,28767,0,2)
(9115X,25890,0,36)
(9121X,28748,0,2)
(9136X,28769,0,3)
(9141V,28759,0,5)
(9145Y,28721,0,5)
(08084,26002,0,5)
(9283Y,28541,0,3)
(60040,26131,0,25)
(C038N,28638,0,38)
(C048W,28741,0,26)
(C229X,28751,0,12)
(C239N,28743,0,3)
(C248E,28565,0,14)
(60035,25955,0,16)
(C259X,28437,0,14)
(C611E,989,0,18)
(C612F,28730,0,12)
(C619X,28781,0,6)
(60027,20785,0,0)
(C623I,18053,0,5)
(C625O,26936,0,7)
(C628B,28767,0,2)
(C629I,28738,0,6)
(C629Q,27503,0,3)
(60036,26486,0,0)
(C635B,28756,0,9)
(C639U,28750,0,4)
(C639Y,17730,0,1)
(C648C,28741,0,1)
(C648N,28738,0,2)
(60030,27816,0,861)
(C649R,28116,0,3)
(C656V,27240,0,15)
(C658X,13900,0,55)
(60029,8384,0,0)
(C665T,28730,0,3)
(C669B,28304,0,20)
(60037,14248,0,1)
(60045,26024,0,0)
(1178Y,25601,0,8)
(1541B,28758,0,9)
(08053,27501,0,0)
(08054,27699,0,0)
(1561I,28711,0,13)
(2624C,28636,0,13)
(2626Y,28745,0,18)
(08057,24063,0,9)
(2647Y,28673,0,0)
(08055,26142,0,0)
(2664B,28695,0,25)
(2701D,28757,0,8)
(2728B,28756,0,9)
(2734D,19182,0,8)
(08123,26974,0,0)
(2742R,28734,0,27)
(9590,28727,0,28)
(08115,25620,0,1)
(9632X,25201,0,39)
(9638D,26291,0,1416)
(9647X,25588,0,331)
(9650X,28762,0,4)
(9657X,28435,0,305)
(9689X,28586,0,0)
(08112,27751,0,0)
(9707,28735,0,36)
(08173,25270,0,0)
(9724X,28740,0,32)
(9729X,28600,0,83)
(9744B,28741,0,16)
(08171,26460,0,125)
(9775X,28751,0,12)
(08107,24107,0,0)
(9994X,26227,0,14)
(1297E,28752,0,25)
(1342X,28764,0,2)
(1344X,28774,0,1)
(1347T,28762,0,2)
(08008,24797,0,0)
(1518A,28767,0,0)
(1521I,28776,0,1)
(1521X,28593,0,36)
(1658,16146,0,2)
(1679A,28774,0,4)
(08215,12184,0,19)
(08229,24033,0,0)
(3104Y,28758,0,2)
(08146,25335,0,0)
(08145,24499,0,1)
(3125Y,28757,0,7)
(3126Y,28772,0,3)
(08221,28046,0,2)
(08221,28046,0,2)
(3170Y,28770,0,5)
(3182Y,28761,0,2)
(08219,26255,0,1)
(08220,26918,0,0)
(3194Y,28761,0,12)
(08222,27490,0,0)
(3229Y,28172,0,6)
(08217,24867,0,2111)
(3268C,28419,0,9)
(3330Y,28764,0,6)
(08212,25472,0,0)
(3343Y,28760,0,2)
(08443,25085,0,0)
(6032X,28767,0,12)
(6040X,24156,0,5)
(6045X,28661,0,44)
(6050X,28772,0,1)
(6057X,28756,0,7)
(08463,25041,0,0)
(6069X,27755,0,21)
(6076X,28716,0,4)
(6083X,28737,0,5)
(08480,25767,0,0)
(6088X,28766,0,3)
(08413,22911,0,0)
(6127X,28773,0,4)
(6143X,28775,0,0)
(08481,27655,0,101)
(08479,28103,0,0)
(6172X,28777,0,4)
(6175X,28408,0,2)
(6199B,28775,0,2)
(6201X,28705,0,1)
(08484,28135,0,2)
(6213X,26730,0,4)
(6375X,28755,0,7)
(60338,27960,0,0)
(08432,26910,0,0)
(08434,27422,0,1)
(7023X,28747,0,5)
(7026X,28003,0,58)
(08433,25586,0,25)
(7080X,28750,0,11)
(08365,23162,0,4274)
(7121A,28738,0,13)
(7127X,28750,0,7)
(7138B,28757,0,5)
(08363,27550,0,1)
(7158X,27669,0,5)
(7172X,28774,0,5)
(08430,25190,0,0)
(7203A,28276,0,9)
(08426,25222,0,5)
(7211B,28752,0,4)
(7218X,28763,0,2)
(7227X,28725,0,4)
(7237E,27046,0,4)
(7250X,26218,0,6)
(08356,27979,0,0)
(08030,16925,0,696)
(1010X,28705,0,20)
(1033X,28560,0,13)
(9171K,28658,0,5)
(08079,22161,0,185)
(08092,26212,0,13)
(9228J,28725,0,15)
(08088,1593,0,673)
(9238X,28086,0,4)
(9245X,28702,0,2)
(9252X,28710,0,3)
(9257X,27951,0,15)
(9262P,28721,0,6)
(08085,23478,0,22)
(08089,15155,0,0)
(9274X,23039,0,11)
(9280B,28754,0,8)
(08153,11913,0,9)
(08087,28119,0,0)
(9301X,18961,0,1555)
(08154,21192,0,1)
(9302Y,28679,0,11)
(9995Y,28383,0,15)
(1583X,28755,0,3)
(08051,27998,0,0)
(1639X,28402,0,33)
(08048,25477,0,725)
(1696O,28758,0,2)
(08047,28712,0,0)
(1701X,28753,0,3)
(1706A,28765,0,7)
(08050,26091,0,0)
(1738U,28759,0,6)
(2969U,28742,0,5)
(2978X,28778,0,3)
(08058,22893,0,6)
(2243A,28769,0,4)
(2276B,28740,0,27)
(2362C,18835,15,5688)
(08068,27235,0,0)
(08072,28409,0,0)
(2401X,28475,0,5)
(2568D,27991,0,13)
(1466A,28766,0,1)
(1468X,22926,0,9)
(1477V,28746,0,10)
(08044,23995,0,0)
(1489A,28757,0,7)
(08045,28100,0,44)
(1496X,24355,0,20)
(1719,28749,0,6)
(1723X,27851,0,924)
(1730E,28737,0,5)
(08205,25093,0,378)
(2847X,28770,0,8)
(2863C,27349,0,47)
(08202,24592,0,21)
(08201,28741,0,0)
(2873X,28769,0,5)
(2883R,28762,0,12)
(2891A,28765,0,3)
(2914C,26589,0,8)
(08129,23847,0,0)
(2918Y,26129,0,23)
(2926B,6119,0,52)
(2930Y,28756,0,5)
(2945A,28744,0,32)
(08195,26909,0,0)
(2135A,25094,0,28)
(2140A,25690,0,623)
(08143,24968,0,0)
(2182C,28748,0,14)
(2192C,27088,0,40)
(08213,24730,0,19)
(2471Y,28178,0,5)
(08399,26467,0,0)
(5612X,28750,0,10)
(08395,27419,0,1)
(5654X,28778,0,2)
(5656,28749,0,7)
(5702X,28562,0,13)
(08392,26668,0,0)
(5726X,28718,0,14)
(5733X,28674,0,3)
(08391,28555,0,5)
(08389,24628,0,0)
(5790Y,28772,0,3)
(08397,27399,0,2)
(5835X,28753,0,8)
(5891X,28460,0,253)
(5998X,28752,0,3)
(2005Y,28743,0,16)
(2017Y,28281,0,21)
(08148,26520,0,20)
(2059B,25386,0,23)
(2092,25576,0,25)
(2096B,28184,0,36)
(2296A,28739,0,15)
(9344C,28383,0,9)
(9352A,28703,0,38)
(C117A,28767,0,3)
(C117Z,28776,0,12)
(C126A,28727,0,9)
(60004,26695,0,3)
(60005,28660,0,5)
(C148F,28739,0,35)
(C314Z,28770,0,3)
(C315P,28759,0,3)
(C317B,26022,0,17)
(C319W,28714,0,38)
(C328W,28659,0,11)
(60008,28026,0,0)
(C406G,27685,0,18)
(C419X,28392,0,82)
(C428T,28738,0,17)
(60025,28381,0,8)
(60010,24433,0,433)
(C438N,28730,0,24)
(C446G,19975,0,76)
(60015,28620,0,18)
(60020,28285,0,2)
(C449F,28695,0,11)
(C457I,27912,0,18)
(C458A,28288,0,13)
(60012,27814,0,1)
(C468B,28754,0,17)
(C469N,28757,0,7)
(C916Q,28221,1,29)
(C925F,28776,0,5)
(60001,28277,0,9)
(C939T,28739,0,19)
(08169,24535,0,0)
(0009X,28749,0,19)
(08175,26513,0,32)
(0034X,28749,0,10)
(0042Y,28760,0,3)
(9726E,28764,0,2)
(9946X,28770,0,2)
(9947X,28739,0,24)
(9961X,28766,0,11)
(9975X,28766,0,4)
(08238,25153,0,0)
(08240,24710,0,43)
(8354X,28753,0,5)
(08235,27957,0,0)
(8376,28762,0,2)
(8458X,26285,0,16)
(8486X,28612,0,23)
(9374X,3097,0,0)
(08233,26428,0,1391)
(9436X,28759,0,6)
(9513X,26145,0,1298)
(08236,22056,0,2347)
(9531Y,26950,0,17)
(9546B,25093,0,20)
(9550C,28731,0,13)
(9561X,28102,0,1)
(08166,24581,0,0)
(08164,28345,0,0)
(9998X,27916,0,46)
(3099Y,28776,0,4)
(3254Y,10428,0,0)
(08272,28355,0,0)
(08270,27948,0,0)
(3305Y,27052,20,1166)
(3362Y,28747,0,13)
(08274,18981,0,0)
(3427Y,16741,0,16)
(08275,9217,0,10213)
(08273,23907,0,2)
(4236Y,28767,0,9)
(08282,28045,0,3)
(8072Y,28748,0,23)
(8193E,25585,0,35)
(8270X,28031,0,34)
(8283X,28754,0,5)
(8290X,28780,0,4)
(08290,10414,0,0)
(8300X,28751,0,8)
(08281,27056,0,0)
(8319X,28753,0,7)
(08287,26391,0,1713)
(8337X,28707,0,13)
(8381X,28744,0,8)
(8395X,26370,0,131)
(8409X,27255,0,10)
(08284,28140,0,19)
(08285,28772,0,0)
(2166Y,28718,0,20)
(2172Y,28387,0,23)
(08141,27825,0,0)
(2503B,28451,0,28)
(08142,28357,0,0)
(2507Y,28762,0,6)
(2517A,28748,0,13)
(2593D,27289,0,51)
(2604B,27779,0,20)
(08024,15709,0,1)
(1056K,28702,0,22)
(08059,27868,0,0)
(1064L,28716,0,12)
(1069Y,28394,0,9)
(1074C,28719,0,10)
(1078C,28770,0,9)
(08035,27316,0,0)
(08025,28133,0,36)
(2536D,28753,0,7)
(2555B,28763,0,10)
(2611D,28724,0,16)
(08130,27404,0,0)
(08056,27282,0,0)
(2766E,28741,0,14)
(08125,23337,0,0)
(2777K,27919,12,849)
(2789H,28623,0,38)
(2804F,26568,0,23)
(2885K,28743,0,7)
(2966D,28763,0,2)
(08090,24631,0,6)
(9299X,24662,0,11)
(9321X,28743,0,16)
(9336D,429,0,88)
(9354X,28763,0,9)
(08157,26440,0,27)
(9390X,23642,0,0)
(08156,28211,1,0)
(9427X,28729,0,9)
(08161,27486,0,0)
(9443V,14263,0,2)
(9495Y,28743,0,5)
(9501X,28754,0,3)
(9510X,28626,0,7)
(9574X,22032,0,1)
(08165,27840,0,0)
(4622X,17827,0,16)
(1049N,5489,0,4)
(08452,5752,0,0)
(C639M,5760,0,0)
(9718X,1152,0,0)
(9772X,96,0,0)
