(08004,651,27166,0)
(08005,1267,19334,1)
(1363X,1443,27331,1)
(08001,901,23949,19)
(08002,1321,27150,2)
(1390X,1402,27367,2)
(08006,1537,26911,0)
(1399,1431,27324,3)
(08040,1043,24830,1)
(1406X,2007,26713,0)
(1410X,1373,27377,13)
(08042,1375,26891,14)
(1435C,833,18761,10)
(1442U,1605,27136,0)
(08039,1812,26776,0)
(08041,1435,24906,0)
(1476R,1984,26778,0)
(1044X,2197,22812,0)
(1060X,1247,27532,1)
(9060X,1016,27723,14)
(9073X,1044,27721,16)
(08080,948,26716,50)
(9122I,705,28049,6)
(9145X,732,27998,0)
(9178X,742,27945,0)
(4007Y,524,28251,0)
(4096Y,66,28658,0)
(7066Y,34,6529,0)
(7067Y,61,384,0)
(7072Y,22,668,0)
(08355,410,25187,0)
(7103Y,336,28437,0)
(08278,70,7927,0)
(08279,457,28165,0)
(8198Y,243,24835,6)
(7244X,314,28449,2)
(08357,320,24624,0)
(7261X,376,28386,2)
(8008Y,379,28386,0)
(8013X,25,28749,1)
(8018X,330,28434,0)
(08360,365,27656,77)
(08359,408,27784,0)
(08370,378,18929,15)
(8057C,786,27972,8)
(8059C,872,27905,5)
(5060X,293,28473,0)
(08486,93,24185,0)
(6277X,233,28197,3)
(6291B,251,28341,0)
(08492,215,27145,0)
(08427,309,24372,0)
(6307X,43,9981,16)
(08487,273,27643,16)
(6329X,350,28410,1)
(08488,186,26965,0)
(6340X,377,28390,6)
(6364X,282,28437,0)
(08428,366,23971,0)
(08490,1156,24517,0)
(1179B,1518,27234,4)
(08016,1024,24639,0)
(1186P,1551,27153,20)
(1199X,1461,27304,5)
(1203D,751,26146,31)
(08014,1191,27384,2)
(08012,1162,26856,0)
(08011,1178,21763,18)
(08031,2587,19705,0)
(1223P,1037,27666,8)
(1226X,1792,26758,4)
(1234P,1263,27486,2)
(08015,917,18735,2)
(1272B,903,27150,9)
(1276F,536,16875,2)
(1279X,878,17125,18)
(08010,451,22065,2)
(1302F,1912,26278,3)
(1309C,1027,27732,9)
(1327A,456,11871,4)
(08009,1134,27495,0)
(1341B,1307,27438,0)
(08052,1027,18203,1)
(2430Y,651,28127,4)
(08210,345,26060,6)
(2453E,323,28436,0)
(2456B,322,28437,3)
(2512Y,320,28434,2)
(08206,135,19498,0)
(2828Y,689,28063,2)
(3319D,1132,27632,3)
(3337U,458,28310,3)
(08208,602,28165,0)
(3422D,666,28078,6)
(08264,346,17091,0)
(4260,321,28430,4)
(4325X,302,28443,8)
(4340,387,26969,6)
(08333,277,25647,19)
(08336,202,19054,4)
(4395X,353,28419,4)
(08331,408,26958,0)
(4427X,369,28396,6)
(4436Y,255,28426,24)
(08330,505,26880,0)
(4464X,468,28285,1)
(4468X,459,28307,0)
(4478X,401,28371,2)
(4486X,419,28344,1)
(4489X,350,28384,6)
(4492E,476,28283,4)
(4497X,336,27536,6)
(4499X,468,28291,0)
(4501X,321,28421,4)
(08337,49,6766,0)
(4520X,431,28331,2)
(5473X,311,28455,0)
(0061X,443,20936,11)
(0066X,318,28458,3)
(0073X,371,28404,5)
(08181,484,26601,11)
(0092X,544,28183,13)
(0106X,414,28328,5)
(0114X,494,27829,10)
(0120X,506,28270,4)
(08174,405,27069,8)
(0158X,478,28283,0)
(08179,437,27485,0)
(08180,509,23703,0)
(0201X,434,28308,0)
(0222X,515,28252,5)
(08192,540,24794,12)
(0244X,582,28176,4)
(08186,742,24157,0)
(08188,535,23828,0)
(0260X,1511,27244,0)
(2106B,392,24321,1)
(08144,286,24419,4)
(2290Y,370,26361,8)
(08149,220,18925,11)
(2302N,823,27932,5)
(2311Y,276,28499,5)
(9012E,749,24155,217)
(9031C,419,28346,1)
(08063,656,26139,1)
(9069C,472,28297,1)
(08077,755,25664,0)
(3386A,490,20638,8)
(3423I,936,27805,5)
(08254,289,22482,2)
(3436D,1198,27559,1)
(3448X,545,28207,0)
(3455X,430,27131,12)
(08263,455,26751,0)
(08261,501,28271,0)
(3475X,525,27436,10)
(3494U,959,27812,1)
(3503,695,28086,2)
(3504X,510,28245,4)
(3512X,679,28084,2)
(3514B,1123,27635,1)
(3516X,1044,27223,1)
(08252,784,27489,0)
(08251,560,26764,0)
(3531X,829,27943,2)
(3536X,1044,27720,2)
(3540X,583,28156,12)
(3547X,848,22556,1132)
(3562X,473,28270,6)
(3565X,430,28354,0)
(08260,563,21386,0)
(4245X,580,28179,0)
(4339X,80,28659,4)
(4347X,320,28443,2)
(4411C,466,28288,5)
(5906X,278,28494,7)
(08455,818,27810,0)
(5919X,419,28345,6)
(5941X,446,28316,5)
(5950X,391,28280,4)
(08451,316,27802,10)
(08453,324,26869,0)
(5983X,2,1097,10)
(08457,459,28319,0)
(5996B,375,28383,2)
(08458,261,22856,0)
(6042I,318,28436,5)
(6056X,409,25989,26)
(08020,201,7341,0)
(1096X,1023,27638,1)
(08021,1556,26034,27)
(08023,969,19231,0)
(1124E,2238,26502,2)
(1135C,1952,26802,1)
(1154H,1131,22330,10)
(08017,1399,26958,0)
(1167B,1573,26414,15)
(1174I,819,27943,10)
(1176A,97,4276,2)
(1740,722,9276,1183)
(08032,1278,24803,0)
(9016X,771,27685,7)
(08033,1152,26574,0)
(8439X,442,28327,9)
(8472A,379,21176,10)
(8492X,362,25872,6)
(08286,388,25513,0)
(8503Y,412,28353,0)
(8520X,645,26783,42)
(08239,462,27921,0)
(08237,214,20549,3)
(60320,565,27158,0)
(4064Y,21,28647,0)
(08276,406,27134,1)
(08348,125,24351,0)
(4138Y,386,28374,1)
(08351,288,26784,0)
(08345,199,18897,0)
(08271,156,14256,0)
(4300Y,226,26790,0)
(5304Y,330,28426,2)
(4263X,325,28444,6)
(08335,170,23390,0)
(5346X,419,28342,6)
(5361X,316,28426,3)
(08346,312,25437,2)
(5394X,422,28355,2)
(08410,291,28170,4)
(5412X,423,28360,3)
(08412,443,27837,0)
(5459X,397,28355,7)
(5470,320,27997,2)
(5598X,351,27982,4)
(5624X,344,28412,1)
(5625X,335,27971,5)
(3040Y,562,28189,0)
(08230,401,24001,1)
(08277,330,23112,2)
(4051Y,374,13368,3)
(4070Y,97,16266,0)
(4075Y,353,28420,0)
(08256,353,26492,2)
(4093Y,240,17858,0)
(4095Y,369,28408,0)
(08231,536,27738,0)
(8155Y,5,28761,2)
(8245Y,344,28336,0)
(0281Y,606,28152,2)
(0284X,666,28099,2)
(0312X,721,28032,0)
(0320I,766,27969,11)
(08118,817,24551,0)
(0360X,797,27878,5)
(0363X,906,27811,6)
(08184,427,20619,6)
(0370E,724,28022,2)
(0385X,577,28180,3)
(0394X,713,28051,3)
(0411X,597,28167,9)
(0421X,798,27977,3)
(0429X,715,28043,2)
(08117,771,22889,0)
(08424,203,23893,0)
(08423,397,27239,1)
(5515X,327,28433,1)
(08419,375,27236,58)
(08414,419,24729,0)
(6258X,406,28353,0)
(6267X,296,28475,1)
(08485,326,26758,0)
(6268Y,234,28140,1)
(6272X,330,28424,12)
(6281X,402,28364,0)
(08232,311,20994,0)
(08150,240,25051,2)
(3140Y,372,28262,0)
(08226,298,27723,3)
(3209Y,13,21073,0)
(1012P,2214,26372,11)
(08029,2079,25204,28)
(1021X,610,3937,3)
(1025X,1579,27152,8)
(1026X,494,2751,25481)
(1037X,1896,26723,0)
(08037,2408,26147,0)
(1038X,2212,26557,6)
(08026,1987,25741,0)
(1048X,1789,26908,2)
(1049X,312,9698,0)
(08036,2426,23327,0)
(1052A,1353,27398,4)
(4527X,408,28340,2)
(08381,374,28140,0)
(4554X,310,28460,3)
(08380,504,27870,1)
(4575X,367,28359,0)
(4584X,409,28356,0)
(4589X,341,21652,19)
(4608X,386,25912,6)
(08383,372,26130,0)
(5769X,456,28299,1)
(5858X,296,28454,6)
(08384,418,28034,0)
(08097,970,24095,5)
(08091,492,24836,0)
(9207,770,27927,3)
(08095,629,23473,0)
(9211F,359,18175,1776)
(9453X,924,27845,0)
(9460X,411,28297,0)
(9491X,252,28481,3)
(9751,498,28272,2)
(9756X,367,28279,6)
(08103,737,22906,0)
(08101,959,23526,0)
(08104,990,23244,1)
(08106,828,20786,0)
(9843A,570,28065,2)
(9855E,387,28391,1)
(9866C,288,28349,10)
(08163,301,25346,0)
(9894Y,257,28281,4)
(08094,331,24282,24)
(9901X,271,28430,2)
(9908X,221,28428,1)
(9911X,198,28562,4)
(08168,301,28043,1)
(9918Y,226,28442,1)
(9924X,204,28510,1)
(08304,1138,26338,0)
(B087X,657,28104,1)
(B158X,670,28104,2)
(08301,762,27643,0)
(B236C,757,28022,3)
(08303,921,23456,0)
(08306,626,27187,39)
(08308,510,28243,8)
(B334X,609,27780,0)
(08310,628,27159,0)
(B362X,575,28178,1)
(B373X,523,28256,2)
(08309,438,24296,20)
(B496X,441,28318,0)
(B526X,532,28226,0)
(08311,545,27245,0)
(B603X,315,25666,0)
(B605X,671,28104,0)
(B614E,645,28121,9)
(B644B,744,28022,3)
(B662X,719,28018,7)
(08312,622,23937,4)
(B760X,730,28032,4)
(B780X,564,27035,1)
(B825B,633,27362,129)
(B860X,655,28107,6)
(08314,772,27475,10)
(B908X,747,27860,0)
(08373,549,25357,1717)
(08353,556,28043,0)
(5038Y,442,28342,0)
(5165X,342,21354,0)
(08352,440,26260,0)
(08354,431,27978,1)
(5210X,370,28382,2)
(08350,120,27989,3)
(08417,193,27429,0)
(5279X,375,28395,0)
(5281X,351,28390,4)
(08347,398,27384,0)
(5406X,477,28291,1)
(9115X,1306,24595,25)
(9121X,522,28228,0)
(9136X,1030,27742,0)
(9141V,485,28278,1)
(9145Y,414,28312,0)
(08084,375,25626,6)
(9283Y,184,28359,1)
(60040,42,26088,26)
(C038N,90,28570,16)
(C048W,23,28736,8)
(C229X,17,28746,0)
(C239N,12,28732,2)
(C248E,31,28548,0)
(60035,11,25921,39)
(C259X,24,28426,1)
(C611E,3,992,12)
(C612F,1013,27722,7)
(C619X,71,28715,1)
(60027,17,20768,0)
(C623I,11,18045,2)
(C625O,27,26913,3)
(C628B,38,28730,1)
(C629I,6,28738,0)
(C629Q,3,27502,1)
(60036,6,26480,0)
(C635B,25,28734,6)
(C639U,25,28729,0)
(C639Y,3,17727,1)
(C648C,71,28671,0)
(C648N,165,28574,1)
(60030,16,28428,233)
(C649R,54,28065,0)
(C656V,449,26804,2)
(C658X,58,13877,20)
(60029,33,8351,0)
(C665T,667,28064,2)
(C669B,24,28289,11)
(60037,5,14244,0)
(60045,41,25979,4)
(1178Y,1072,24537,0)
(1541B,1288,27475,4)
(08053,458,27043,0)
(08054,694,27005,0)
(1561I,877,27841,6)
(2624C,1321,27325,3)
(2626Y,534,28219,10)
(08057,2116,21956,0)
(2647Y,967,27706,0)
(08055,325,25814,3)
(2664B,395,28322,3)
(2701D,1107,27656,2)
(2728B,643,28118,4)
(2734D,435,18750,5)
(08123,721,26253,0)
(2742R,445,28303,13)
(9590,467,28282,6)
(08115,429,25192,0)
(9632X,514,24706,20)
(9638D,408,27296,3)
(9647X,201,25718,0)
(9650X,377,28389,0)
(9657X,477,28253,10)
(9689X,718,27868,0)
(08112,426,27325,0)
(9707,438,28328,5)
(08173,423,24847,0)
(9724X,360,28393,19)
(9729X,281,28375,27)
(9744B,655,28098,4)
(08171,284,26301,0)
(9775X,303,28456,4)
(08107,1240,22867,0)
(9994X,1240,24996,5)
(1297E,1574,27193,10)
(1342X,920,27846,0)
(1344X,1142,27633,0)
(1347T,1002,27762,0)
(08008,817,23980,0)
(1518A,918,27849,0)
(1521I,721,28056,0)
(1521X,1584,27033,12)
(1658,170,15978,0)
(1679A,738,28039,1)
(08215,560,11643,0)
(08229,167,23866,0)
(3104Y,540,28219,1)
(08146,550,24785,0)
(08145,1013,23487,0)
(3125Y,517,28247,0)
(3126Y,234,28540,1)
(08221,351,27658,39)
(08221,351,27658,39)
(3170Y,305,28467,3)
(3182Y,337,28424,2)
(08219,502,25754,0)
(08220,315,26603,0)
(3194Y,400,28367,6)
(08222,330,27160,0)
(3229Y,257,27921,0)
(08217,739,26239,0)
(3268C,463,27963,2)
(3330Y,511,28259,0)
(08212,358,25114,0)
(3343Y,396,28365,1)
(08443,390,24695,0)
(6032X,481,28290,8)
(6040X,467,23692,2)
(6045X,533,28161,11)
(6050X,518,28254,1)
(6057X,440,28321,2)
(08463,376,24665,0)
(6069X,411,27358,7)
(6076X,228,28492,0)
(6083X,291,28447,4)
(08480,349,25418,0)
(6088X,318,28451,0)
(08413,262,22649,0)
(6127X,335,28442,0)
(6143X,361,28414,0)
(08481,337,27419,0)
(08479,341,27762,0)
(6172X,270,28511,0)
(6175X,294,28116,0)
(6199B,342,28435,0)
(6201X,322,28383,1)
(08484,290,27847,0)
(6213X,340,26393,1)
(6375X,349,28412,1)
(60338,425,27535,0)
(08432,206,26693,11)
(08434,345,27078,0)
(7023X,291,28461,0)
(7026X,131,27883,47)
(08433,368,25225,18)
(7080X,507,28254,0)
(08365,352,27064,20)
(7121A,347,28397,7)
(7127X,326,28431,0)
(7138B,241,28520,1)
(08363,367,27184,0)
(7158X,222,27452,0)
(7172X,302,28476,1)
(08430,295,24895,0)
(7203A,276,28007,2)
(08426,262,24965,0)
(7211B,343,28413,0)
(7218X,287,28478,0)
(7227X,297,28431,1)
(7237E,257,26791,2)
(7250X,285,25939,0)
(08356,304,27675,0)
(08030,2402,15219,0)
(1010X,2278,26437,10)
(1033X,2671,25902,0)
(9171K,435,28227,1)
(08079,417,21929,0)
(08092,1882,24343,0)
(9228J,1297,27435,8)
(08088,482,1784,0)
(9238X,663,27427,0)
(9245X,381,28321,2)
(9252X,344,28369,0)
(9257X,1579,26381,6)
(9262P,754,27968,5)
(08085,690,22804,6)
(08089,327,14828,0)
(9274X,1119,21930,1)
(9280B,325,28431,6)
(08153,283,11639,0)
(08087,204,27913,2)
(9301X,235,18750,1531)
(08154,180,21013,0)
(9302Y,264,28418,8)
(9995Y,2044,26347,7)
(1583X,613,28145,0)
(08051,854,27144,0)
(1639X,963,27461,11)
(08048,444,25757,1)
(1696O,1369,27391,0)
(08047,1351,27361,0)
(1701X,873,27883,0)
(1706A,713,28059,0)
(08050,1223,24868,0)
(1738U,1151,27614,0)
(2969U,1055,27692,0)
(2978X,707,28074,0)
(08058,777,22120,2)
(2243A,513,28259,1)
(2276B,444,28311,12)
(2362C,890,23648,0)
(08068,247,26988,0)
(08072,373,28036,0)
(2401X,360,28118,2)
(2568D,522,27475,7)
(1466A,1091,27675,1)
(1468X,1267,21663,5)
(1477V,1363,27386,7)
(08044,1328,22666,1)
(1489A,1789,26973,2)
(08045,1537,26580,27)
(1496X,923,23439,13)
(1719,1277,27475,3)
(1723X,1058,27717,0)
(1730E,1033,27709,0)
(08205,1021,24450,0)
(2847X,354,28422,2)
(2863C,349,27029,18)
(08202,278,24326,9)
(08201,427,28314,0)
(2873X,363,28410,1)
(2883R,377,28392,5)
(2891A,504,28262,2)
(2914C,386,26209,2)
(08129,263,23577,7)
(2918Y,368,25777,7)
(2926B,46,6076,49)
(2930Y,1035,27724,2)
(2945A,560,28210,6)
(08195,436,26471,2)
(2135A,290,24817,15)
(2140A,363,25914,36)
(08143,1034,23930,4)
(2182C,484,28272,6)
(2192C,463,26640,25)
(08213,283,24466,0)
(2471Y,728,27455,0)
(08399,328,26136,3)
(5612X,364,28393,3)
(08395,327,27093,0)
(5654X,298,28481,1)
(5656,274,28477,5)
(5702X,292,28280,3)
(08392,380,26288,0)
(5726X,354,28372,6)
(5733X,349,28327,1)
(08391,309,28245,6)
(08389,380,24248,0)
(5790Y,287,28487,1)
(08397,382,27019,0)
(5835X,327,28434,0)
(5891X,347,28366,0)
(5998X,334,28420,1)
(2005Y,742,28010,7)
(2017Y,604,27690,8)
(08148,285,26255,0)
(2059B,305,25093,11)
(2092,312,25277,12)
(2096B,345,27861,14)
(2296A,449,28299,6)
(9344C,277,28109,6)
(9352A,305,28425,11)
(C117A,128,28640,2)
(C117Z,112,28673,3)
(C126A,276,28454,6)
(60004,84,26614,0)
(60005,213,28437,15)
(C148F,466,28292,16)
(C314Z,425,28348,0)
(C315P,321,28440,1)
(C317B,222,25813,4)
(C319W,31,28715,6)
(C328W,151,28513,6)
(60008,51,27975,0)
(C406G,48,27648,7)
(C419X,7,28419,48)
(C428T,58,28694,3)
(60025,24,28353,12)
(60010,65,24798,3)
(C438N,48,28696,10)
(C446G,573,19436,42)
(60015,412,28220,6)
(60020,81,28206,0)
(C449F,64,28638,4)
(C457I,325,27600,5)
(C458A,268,28025,8)
(60012,123,27692,0)
(C468B,205,28559,7)
(C469N,77,28686,1)
(C916Q,93,28148,10)
(C925F,97,28684,0)
(60001,90,28187,9)
(C939T,76,28677,5)
(08169,206,24329,0)
(0009X,342,28420,6)
(08175,260,26270,15)
(0034X,228,28531,0)
(0042Y,355,28407,1)
(9726E,313,28453,0)
(9946X,288,28484,0)
(9947X,287,28468,8)
(9961X,288,28484,5)
(9975X,275,28494,1)
(08238,304,24849,0)
(08240,322,24431,0)
(8354X,371,28386,1)
(08235,376,27581,0)
(8376,454,28309,1)
(8458X,441,25855,5)
(8486X,512,28110,13)
(9374X,11,3086,0)
(08233,438,27381,0)
(9513X,205,27231,7)
(08236,568,23835,0)
(9531Y,449,26515,3)
(9546B,206,24901,6)
(9550C,282,28456,6)
(9561X,341,27762,0)
(08166,226,24354,1)
(08164,331,28014,0)
(9935X,352,15789,1551)
(9998X,404,27545,13)
(3099Y,353,28425,2)
(3254Y,116,10312,0)
(08272,270,28085,0)
(08270,450,27498,0)
(3305Y,307,18493,9438)
(3362Y,432,28328,0)
(08274,91,18890,0)
(3427Y,408,16349,0)
(08275,142,19288,0)
(08273,253,23480,176)
(4236Y,498,28278,0)
(08282,743,27305,0)
(8072Y,734,28028,9)
(8193E,379,25231,10)
(8270X,444,27619,2)
(8283X,483,28272,4)
(8290X,598,28186,0)
(08290,198,10216,0)
(8300X,531,28224,4)
(08281,326,26729,1)
(8319X,431,28326,3)
(08287,618,27486,0)
(8337X,338,28374,8)
(8381X,348,28404,0)
(8395X,336,26057,108)
(8409X,305,26955,5)
(08284,385,27711,63)
(08285,524,28248,0)
(2166Y,306,28425,7)
(2172Y,375,28026,9)
(08141,301,27521,3)
(2503B,344,28121,14)
(08142,350,28007,0)
(2507Y,247,28515,6)
(2517A,286,28470,5)
(2593D,402,26919,19)
(2604B,346,27440,13)
(08024,557,15153,0)
(1056K,1771,26953,0)
(08022,1430,22571,0)
(08059,1552,26316,0)
(1064L,1851,26870,7)
(1069Y,2499,25903,1)
(1074C,1819,26906,4)
(1078C,1505,27273,1)
(08035,1816,25500,0)
(08025,1831,26218,120)
(2536D,320,28438,2)
(2555B,375,28391,7)
(2611D,370,28367,3)
(08130,264,27140,0)
(08056,286,26995,1)
(2766E,1012,27742,1)
(08125,558,22775,4)
(2777K,521,28252,7)
(2789H,456,28191,14)
(2804F,328,26261,2)
(2885K,372,28376,2)
(2966D,630,28135,0)
(08090,314,24323,0)
(9299X,309,24359,5)
(9321X,289,28464,6)
(9354X,269,28502,1)
(08157,506,25961,0)
(9390X,352,23290,0)
(08156,347,27864,1)
(9427X,355,28378,5)
(08161,327,27159,0)
(9443V,166,14098,1)
(9495Y,234,28512,2)
(9501X,313,28442,2)
(9510X,224,28405,4)
(9574X,122,21911,0)
(08165,185,27652,3)
(4622X,287,17551,5)
(1049N,670,4819,4)
(08452,62,5690,0)
(C639M,2,5758,0)
(9718X,5,1147,0)
