(08004,27817,0,0)
(08005,17615,0,2987)
(08001,24861,8,0)
(08002,28463,0,10)
(08040,25874,0,0)
(08042,28262,0,18)
(08080,27700,0,14)
(08355,25597,0,0)
(08278,7997,0,0)
(08279,28622,0,0)
(08360,28032,0,66)
(08370,19322,0,0)
(08486,24272,0,6)
(08492,27360,0,0)
(08427,24680,0,1)
(08487,27909,0,23)
(08488,27151,0,0)
(08428,24336,0,1)
(08490,25293,0,380)
(08016,25663,0,0)
(08011,22914,0,45)
(08015,19633,0,21)
(08010,22518,0,0)
(08052,19231,0,0)
(08210,7890,685,17836)
(08264,17437,0,0)
(08333,25943,0,0)
(08336,19260,0,0)
(08337,6815,0,0)
(08181,27081,0,15)
(08174,27482,0,0)
(08144,24709,0,0)
(08149,19156,0,0)
(08063,26796,0,0)
(08254,22773,0,0)
(08251,27324,0,0)
(08455,28627,0,1)
(08451,28088,0,40)
(08453,27193,0,0)
(08021,27460,0,157)
(08023,20180,9,11)
(08032,26080,0,1)
(08286,11090,690,14121)
(60320,27723,0,0)
(08276,27541,0,0)
(08348,24406,0,70)
(08351,27072,0,0)
(08345,19096,0,0)
(08346,25751,0,0)
(08410,28417,0,48)
(08230,24402,0,1)
(08277,23444,0,0)
(08256,26847,0,0)
(08231,16424,0,11850)
(08184,21040,0,12)
(08117,20817,0,2843)
(08424,24096,0,0)
(08423,27637,0,0)
(08419,27606,0,63)
(08414,24709,0,439)
(08232,20578,212,515)
(08150,25293,0,0)
(08226,27551,473,0)
(08029,27281,0,30)
(08037,28553,0,2)
(08036,25745,0,8)
(08381,27360,0,1154)
(08380,28375,0,0)
(08383,26502,0,0)
(08095,24102,0,0)
(08103,23643,0,0)
(08306,27831,0,21)
(08309,24753,0,1)
(08312,24563,0,0)
(08314,28237,0,20)
(08373,27603,0,20)
(08353,28599,0,0)
(08352,26625,0,75)
(08354,28410,0,0)
(08350,28112,0,0)
(08417,27619,0,3)
(08347,27781,0,1)
(08084,26002,0,5)
(60040,26137,0,19)
(60035,25957,0,14)
(60027,20785,0,0)
(60030,27813,0,864)
(60045,26024,0,0)
(08053,27456,45,0)
(08057,24072,0,0)
(08055,25906,0,236)
(08123,26974,0,0)
(08112,27751,0,0)
(08008,24787,10,0)
(08215,12058,145,0)
(08146,25335,0,0)
(08145,24499,0,1)
(08221,28035,0,13)
(08221,28035,0,13)
(08219,26255,0,1)
(08222,27490,0,0)
(08217,26972,0,6)
(08212,25472,0,0)
(08443,25085,0,0)
(08463,25041,0,0)
(08480,25767,0,0)
(08413,22911,0,0)
(08481,27649,0,107)
(08479,28103,0,0)
(08484,28137,0,0)
(08432,26910,0,0)
(08433,25602,0,9)
(08365,27436,0,0)
(08430,10511,0,14679)
(08356,27979,0,0)
(08085,23494,0,6)
(08087,28119,0,0)
(08051,27998,0,0)
(08048,25362,573,267)
(08058,22893,0,6)
(08068,27235,0,0)
(08044,21516,2464,15)
(08045,28112,0,32)
(08205,25093,0,378)
(08202,24586,0,27)
(08201,28741,0,0)
(08129,23847,0,0)
(08195,26909,0,0)
(08143,24968,0,0)
(08213,15089,70,9590)
(08399,26467,0,0)
(08395,27420,0,0)
(08392,26668,0,0)
(08391,28552,0,8)
(08397,8894,0,18507)
(08148,26540,0,0)
(60005,28649,0,16)
(60025,28374,0,15)
(60010,23256,0,1610)
(60015,28623,0,15)
(60001,28275,0,11)
(08175,26509,0,36)
(08238,25153,0,0)
(08235,27957,0,0)
(08233,27819,0,0)
(08166,24581,0,0)
(08272,27568,2,785)
(08274,18981,0,0)
(08275,6569,0,12861)
(08273,23908,0,1)
(08290,10414,0,0)
(08281,27056,0,0)
(08284,28120,0,39)
(08141,27645,180,0)
(08142,28357,0,0)
(08024,14859,0,851)
(08059,27868,0,0)
(08035,27315,0,1)
(08025,28121,0,48)
(08130,27404,0,0)
(08056,27282,0,0)
(08125,23337,0,0)
(08156,28212,0,0)
(08165,27840,0,0)
(08452,5752,0,0)
