(08004,27757,0,60)
(08001,24849,1,19)
(08040,25856,0,18)
(08370,19321,1,0)
(08492,27360,0,0)
(08488,27151,0,0)
(08016,25663,0,0)
(08015,17753,2,1899)
(08010,22507,11,0)
(08052,17473,1758,0)
(08210,8541,34,17836)
(08264,17371,66,0)
(08333,25942,0,1)
(08336,13613,0,5647)
(08337,6797,18,0)
(08174,27395,87,0)
(08144,24610,99,0)
(08149,19095,61,0)
(08063,25569,60,1167)
(08254,22747,26,0)
(08251,27292,32,0)
(08023,18573,0,1627)
(08286,11780,0,14121)
(08276,27475,66,0)
(08348,11005,33,13438)
(08351,27000,72,0)
(08346,25693,58,0)
(08277,23432,12,0)
(08256,26781,66,0)
(08424,23757,38,301)
(08423,27553,84,0)
(08232,14452,54,6799)
(08150,25227,66,0)
(08226,27989,32,3)
(08380,28366,9,0)
(08095,23988,114,0)
(08103,23589,54,0)
(08309,24750,3,1)
(08312,22172,3,2388)
(08354,28374,36,0)
(08350,28090,22,0)
(60027,20785,0,0)
(60045,26024,0,0)
(08053,27473,28,0)
(08057,23878,194,0)
(08112,27685,66,0)
(08008,24754,43,0)
(08215,12163,40,0)
(08463,25041,0,0)
(08432,26909,1,0)
(08365,23131,31,4274)
(08430,10505,6,14679)
(08356,27956,23,0)
(08087,28086,33,0)
(08051,27913,85,0)
(08048,11860,29,14313)
(08058,22246,58,595)
(08068,27135,100,0)
(08044,23338,1,656)
(08205,24855,238,378)
(08129,23843,4,0)
(08195,26826,71,12)
(08143,24804,164,0)
(08213,12119,36,12594)
(08399,26442,25,0)
(08148,26471,50,19)
(08238,25146,7,0)
(08235,27899,58,0)
(08233,27750,50,19)
(08166,24558,23,0)
(08272,19659,36,8660)
(08274,18920,61,0)
(08273,23830,78,1)
(08290,10414,0,0)
(08281,27056,0,0)
(08141,27794,28,3)
(08130,27350,54,0)
(08056,26046,105,1131)
(08125,23272,65,0)
(08156,28132,80,0)
(08165,27781,59,0)
