(08004,27817,0,0)
(08005,20215,0,387)
(1363X,28715,53,7)
(08001,24137,0,732)
(08002,28455,4,14)
(1390X,28736,32,3)
(08006,28448,0,0)
(1399,28739,13,6)
(08040,25852,0,22)
(1406X,28692,24,4)
(1410X,28720,43,0)
(08042,28253,11,16)
(1435C,19588,0,16)
(1442U,28709,29,3)
(08039,28529,59,0)
(08041,26317,24,0)
(1476R,28755,5,2)
(1044X,24971,20,18)
(1060X,28747,29,4)
(9060X,28652,60,41)
(9073X,28692,84,5)
(08080,27649,50,15)
(9122I,28698,40,22)
(9145X,28662,63,5)
(9178X,28632,53,2)
(4007Y,28702,68,5)
(4096Y,28656,63,5)
(7066Y,6553,0,10)
(7067Y,445,0,0)
(7072Y,690,0,0)
(08355,25579,18,0)
(7103Y,28759,10,4)
(08278,7997,0,0)
(08279,28551,71,0)
(8198Y,25047,33,4)
(7244X,28759,1,5)
(08357,24911,33,0)
(7261X,28758,0,6)
(8008Y,28711,51,3)
(8013X,28757,9,9)
(8018X,28747,7,10)
(08360,28002,0,96)
(08359,28189,2,1)
(08370,19322,0,0)
(8057C,28748,0,18)
(8059C,28761,10,11)
(5060X,28705,59,2)
(08486,24275,0,3)
(6277X,28423,0,10)
(6291B,28590,0,2)
(08492,27360,0,0)
(08427,24658,23,0)
(6307X,10035,0,5)
(08487,27911,0,21)
(6329X,28755,0,6)
(08488,27151,0,0)
(6340X,28772,0,1)
(6364X,28715,3,1)
(08428,24328,8,1)
(08490,25644,29,0)
(1179B,28726,18,12)
(08016,25663,0,0)
(1186P,28672,8,44)
(1199X,28534,22,214)
(1203D,26922,0,6)
(08014,28576,0,1)
(08012,28004,14,0)
(08011,22920,0,39)
(08031,22206,85,1)
(1223P,28664,31,16)
(1226X,28477,73,4)
(1234P,28721,27,3)
(08015,19648,4,2)
(1272B,28014,33,15)
(1276F,17384,26,3)
(1279X,17995,8,18)
(08010,22518,0,0)
(1302F,28022,163,8)
(1309C,28691,40,37)
(1327A,11133,0,1198)
(08009,28626,3,0)
(1341B,28728,2,15)
(08052,19136,95,0)
(2430Y,28691,85,6)
(08210,26346,53,12)
(2453E,28672,85,2)
(2456B,28657,93,12)
(2512Y,28657,93,6)
(08206,19369,263,1)
(2828Y,28680,69,5)
(3319D,28682,78,7)
(3337U,28732,30,9)
(08208,28692,75,0)
(3422D,28695,42,13)
(08264,17395,42,0)
(4260,28700,46,9)
(4325X,28742,6,5)
(4340,27328,27,7)
(08333,25922,21,0)
(08336,18488,4,768)
(4395X,28701,59,16)
(08331,27138,72,156)
(4427X,28738,31,2)
(4436Y,28386,19,300)
(08330,27263,119,3)
(4464X,22999,52,5703)
(4468X,28741,19,6)
(4478X,28716,51,7)
(4486X,28745,15,4)
(4489X,28732,3,5)
(4492E,28735,10,18)
(4497X,27863,9,6)
(4499X,28748,8,3)
(4501X,28735,4,7)
(08337,6785,30,0)
(4520X,28729,32,3)
(5473X,28757,6,3)
(0061X,21310,41,39)
(0066X,28720,49,10)
(0073X,28752,12,16)
(08181,27081,5,10)
(0092X,28629,89,22)
(0106X,28651,84,12)
(0114X,28243,69,21)
(0120X,28726,31,23)
(08174,27423,59,0)
(0158X,28736,24,1)
(08179,27857,32,33)
(08180,24212,0,0)
(0201X,28739,0,3)
(0222X,28707,51,14)
(08192,25278,58,10)
(0244X,28754,1,7)
(08186,22289,20,2590)
(08188,24343,20,0)
(0260X,28731,19,5)
(2106B,24617,85,12)
(08144,24652,57,0)
(2290Y,26427,69,243)
(08149,19091,65,0)
(2302N,28637,117,6)
(2311Y,28698,71,11)
(9012E,24830,61,230)
(9031C,28719,43,4)
(08063,26692,104,0)
(9069C,28690,70,10)
(08077,26325,93,1)
(3386A,21084,44,8)
(3423I,28732,4,10)
(08254,22708,65,0)
(3436D,28730,9,19)
(3448X,28746,6,0)
(3455X,27537,4,32)
(08263,27102,26,78)
(08261,28749,23,0)
(3475X,27948,7,16)
(3494U,28704,66,2)
(3503,28767,12,4)
(3504X,28732,22,5)
(3512X,28734,26,5)
(3514B,28725,26,8)
(3516X,26690,20,1558)
(08252,28266,7,0)
(08251,27302,22,0)
(3531X,28710,53,11)
(3536X,28747,15,4)
(3540X,28724,8,19)
(3547X,23376,9,1151)
(3562X,28702,39,8)
(3565X,28779,4,1)
(08260,21843,106,0)
(4245X,28742,16,1)
(4339X,28716,21,6)
(4347X,28759,2,4)
(4411C,28720,28,11)
(5906X,28767,0,12)
(08455,27444,58,1126)
(5919X,28756,6,8)
(5941X,28754,2,11)
(5950X,28663,1,11)
(08451,28122,2,4)
(08453,27193,0,0)
(5983X,986,0,123)
(08457,28778,0,0)
(5996B,28749,1,10)
(08458,23064,0,53)
(6042I,28735,11,13)
(6056X,26397,0,27)
(08020,7530,0,12)
(1096X,28660,0,2)
(08021,27469,4,144)
(08023,20200,0,0)
(1124E,28702,37,3)
(1135C,28697,57,1)
(1154H,23463,0,8)
(08017,28356,0,1)
(1167B,27892,82,28)
(1174I,28703,51,18)
(1176A,4369,0,6)
(1740,9985,0,1196)
(08032,25922,159,0)
(9016X,28348,103,12)
(08033,27571,155,0)
(8439X,28750,8,20)
(8472A,21525,19,21)
(8492X,26181,47,12)
(08286,25901,0,0)
(8503Y,28760,0,5)
(8520X,27383,52,35)
(08239,28354,29,0)
(08237,20582,165,19)
(60320,27723,0,0)
(4064Y,28602,65,1)
(08276,27468,73,0)
(08348,24442,34,0)
(4138Y,21998,14,6749)
(08351,26983,89,0)
(08345,19021,75,0)
(4210Y,17,0,1)
(08271,12162,18,2232)
(4300Y,27010,4,2)
(5304Y,28717,39,2)
(5341C,26259,48,39)
(4263X,28692,42,41)
(08335,23494,66,0)
(5346X,28764,2,1)
(5361X,28673,63,9)
(08346,25741,10,0)
(5394X,28749,24,6)
(08410,28383,37,45)
(5412X,28746,33,7)
(08412,28253,26,1)
(5459X,28690,61,8)
(5470,28309,0,10)
(5598X,28325,5,7)
(5624X,28750,5,2)
(5625X,28286,15,10)
(3040Y,28658,72,21)
(08230,24246,157,0)
(08277,23393,51,0)
(4051Y,13696,41,8)
(4070Y,16354,6,3)
(4075Y,28680,87,6)
(08256,26791,56,0)
(4093Y,18078,8,12)
(4095Y,28716,57,4)
(08231,28214,59,1)
(8155Y,28686,77,5)
(8245Y,28590,39,51)
(0281Y,28746,7,7)
(0284X,28734,23,10)
(0312X,28681,65,7)
(0320I,28656,59,31)
(08118,25200,165,3)
(0360X,28595,67,18)
(0363X,28648,56,19)
(08184,21019,27,6)
(0370E,28650,54,44)
(0385X,28744,9,7)
(0394X,28666,96,5)
(0411X,28723,30,20)
(0421X,28755,13,10)
(0429X,28736,13,11)
(08117,23399,225,36)
(08424,23742,53,301)
(08423,27538,99,0)
(5515X,28736,16,9)
(08419,27596,47,26)
(08414,24684,25,439)
(6258X,28586,16,157)
(6267X,28768,0,4)
(08485,27084,0,0)
(6268Y,28370,0,5)
(6272X,28736,0,30)
(6281X,28713,33,20)
(08232,21264,41,0)
(08150,25236,57,0)
(3140Y,28547,70,17)
(08226,27996,25,3)
(3209Y,21025,14,47)
(1012P,28581,2,14)
(08029,27285,14,12)
(1021X,4501,43,6)
(1025X,28711,18,10)
(1026X,28689,32,5)
(1037X,28586,29,4)
(08037,28429,126,0)
(1038X,28742,21,12)
(08026,27715,13,0)
(1048X,28583,104,12)
(1049X,10006,0,4)
(08036,25725,22,6)
(1052A,28744,5,6)
(4527X,28699,47,4)
(08381,28352,1,161)
(4554X,28759,5,9)
(08380,28365,10,0)
(4575X,28714,8,4)
(4584X,28758,3,4)
(4589X,21992,3,17)
(4608X,26291,4,9)
(08383,26495,7,0)
(5769X,28741,11,4)
(5858X,28741,1,14)
(08384,28444,7,1)
(08097,24906,164,0)
(08091,25138,190,0)
(9207,28611,71,18)
(08095,24041,61,0)
(9211F,20267,24,19)
(9453X,28663,103,3)
(9460X,28610,98,0)
(9491X,28652,75,9)
(9751,28708,60,4)
(9756X,28527,104,21)
(08103,23570,73,0)
(08101,24300,185,0)
(08104,24019,216,0)
(08106,21509,105,0)
(9843A,28538,94,5)
(9855E,28666,103,10)
(9866C,28580,59,8)
(08163,25525,122,0)
(9894Y,28500,34,8)
(08094,24590,23,24)
(9901X,28646,51,6)
(9908X,28595,50,5)
(9911X,28710,46,8)
(08168,27849,163,333)
(9918Y,28586,75,8)
(9924X,28673,37,5)
(08304,27024,54,398)
(B087X,28757,0,5)
(B158X,28762,7,7)
(08301,28391,14,0)
(B236C,28758,14,10)
(08303,24201,0,176)
(08306,27803,20,29)
(08308,28743,13,5)
(B334X,28382,5,2)
(08310,27766,20,1)
(B362X,28734,15,5)
(B373X,28756,17,8)
(08309,24753,1,0)
(B496X,28754,0,5)
(B526X,28755,0,3)
(08311,27789,0,1)
(B603X,25977,0,4)
(B605X,28765,1,9)
(B614E,28761,4,10)
(B644B,28758,5,6)
(B662X,28708,19,17)
(08312,24557,3,3)
(B760X,28740,0,26)
(B780X,27590,0,10)
(B825B,27989,4,131)
(B860X,28767,0,1)
(08314,28220,14,23)
(B908X,28599,6,2)
(08373,27602,0,21)
(08353,28585,14,0)
(5038Y,28771,6,7)
(5165X,21668,14,14)
(08352,26585,41,74)
(08354,28381,29,0)
(5210X,28712,36,6)
(08350,28092,20,0)
(08417,27597,23,2)
(5279X,28760,10,0)
(5281X,28721,15,9)
(08347,27674,106,2)
(5406X,28743,24,2)
(9115X,25829,80,17)
(9121X,28720,28,2)
(9136X,28654,115,3)
(9141V,28717,42,5)
(9145Y,28679,42,5)
(08084,25970,32,5)
(9283Y,28504,37,3)
(60040,26131,0,25)
(C038N,28638,0,38)
(C048W,28741,0,26)
(C229X,28751,0,12)
(C239N,28743,0,3)
(C248E,28565,0,14)
(60035,25955,0,16)
(C259X,28437,0,14)
(C611E,1004,0,3)
(C612F,28736,0,6)
(C619X,28781,0,6)
(60027,20785,0,0)
(C623I,18053,0,5)
(C625O,26936,0,7)
(C628B,28767,0,2)
(C629I,28738,0,6)
(C629Q,27503,0,3)
(60036,26486,0,0)
(C635B,28762,0,3)
(C639U,28750,0,4)
(C639Y,17730,0,1)
(C648C,28741,0,1)
(C648N,28738,0,2)
(60030,27816,0,861)
(C649R,28116,0,3)
(C656V,27240,0,15)
(C658X,13951,0,4)
(60029,8384,0,0)
(C665T,28730,0,3)
(C669B,28310,0,14)
(60037,14248,0,1)
(60045,26024,0,0)
(1178Y,25511,90,8)
(1541B,28641,117,9)
(08053,27460,41,0)
(08054,27541,158,0)
(1561I,28627,90,7)
(2624C,28532,104,13)
(2626Y,28668,77,18)
(08057,23949,123,0)
(2647Y,28611,62,0)
(08055,26043,95,4)
(2664B,28619,77,24)
(2701D,28674,83,8)
(2728B,28669,87,9)
(2734D,19174,8,8)
(08123,26791,183,0)
(2742R,28649,91,21)
(9590,28672,55,28)
(08115,25469,151,1)
(9632X,25118,103,19)
(9638D,26216,75,1416)
(9647X,25499,89,331)
(9650X,28672,90,4)
(9657X,28645,75,20)
(9689X,28465,121,0)
(08112,27690,61,0)
(9707,28625,110,36)
(08173,25141,129,0)
(9724X,28682,70,20)
(9729X,28607,47,29)
(9744B,28636,105,16)
(08171,26329,132,124)
(9775X,28709,42,12)
(08107,23902,205,0)
(9994X,26148,79,14)
(1297E,28713,45,19)
(1342X,28763,1,2)
(1344X,28750,24,1)
(1347T,28762,0,2)
(08008,24758,39,0)
(1518A,28723,44,0)
(1521I,28715,61,1)
(1521X,28535,66,28)
(1658,16125,21,2)
(1679A,28746,28,4)
(08215,12143,41,19)
(08229,23891,142,0)
(3104Y,28683,75,2)
(08146,25240,95,0)
(08145,24410,89,1)
(3125Y,28697,60,7)
(3126Y,28701,71,3)
(08221,27894,153,1)
(08221,27894,153,1)
(3170Y,28708,62,5)
(3182Y,28712,49,2)
(08219,26146,110,0)
(08220,26795,123,0)
(3194Y,28695,72,6)
(08222,27445,45,0)
(3229Y,28101,71,6)
(08217,26738,235,5)
(3268C,28373,46,9)
(3330Y,28728,36,6)
(08212,25397,75,0)
(3343Y,28729,31,2)
(08443,25074,11,0)
(6032X,28759,8,12)
(6040X,24155,1,5)
(6045X,28658,3,44)
(6050X,28771,1,1)
(6057X,28756,0,7)
(08463,25041,0,0)
(6069X,27755,0,21)
(6076X,28716,0,4)
(6083X,28737,0,5)
(08480,25767,0,0)
(6088X,28766,0,3)
(08413,22830,81,0)
(6127X,28772,1,4)
(6143X,28775,0,0)
(08481,27655,0,101)
(08479,28103,0,0)
(6172X,28777,0,4)
(6175X,28408,0,2)
(6199B,28775,0,2)
(6201X,28705,0,1)
(08484,28135,0,2)
(6213X,26730,0,4)
(6375X,28704,51,7)
(60338,27956,0,4)
(08432,26910,0,0)
(08434,27422,0,1)
(7023X,28745,2,5)
(7026X,28003,0,58)
(08433,25588,0,23)
(7080X,28737,13,11)
(08365,23144,18,4274)
(7121A,28730,8,13)
(7127X,28744,6,7)
(7138B,28726,31,5)
(08363,27529,21,1)
(7158X,27669,0,5)
(7172X,28768,6,5)
(08430,25189,0,1)
(7203A,28263,13,9)
(08426,25210,12,5)
(7211B,28740,12,4)
(7218X,28763,0,2)
(7227X,28722,3,4)
(7237E,27037,9,4)
(7250X,26218,0,6)
(08356,27958,21,0)
(08030,17581,40,0)
(1010X,28681,30,14)
(1033X,28518,42,13)
(9171K,28623,35,5)
(08079,22091,94,161)
(08092,26024,188,13)
(9228J,28677,48,15)
(08088,1593,0,673)
(9238X,26590,87,1413)
(9245X,28659,43,2)
(9252X,28681,29,3)
(9257X,27900,52,14)
(9262P,28661,60,6)
(08085,23439,39,22)
(08089,15112,43,0)
(9274X,23036,3,11)
(9280B,28719,35,8)
(08153,11851,62,9)
(08087,28081,38,0)
(9301X,18908,53,1555)
(08154,21128,64,1)
(9302Y,28648,31,11)
(9995Y,28373,16,9)
(1583X,28724,31,3)
(08051,27952,46,0)
(1639X,28322,80,33)
(08048,25449,27,726)
(1696O,28701,57,2)
(08047,28601,111,0)
(1701X,28694,59,3)
(1706A,28723,42,7)
(08050,26020,71,0)
(1738U,28710,49,6)
(2969U,28701,41,5)
(2978X,28705,73,3)
(08058,22763,130,6)
(2243A,28647,122,4)
(2276B,28660,80,27)
(2362C,18877,27,5634)
(08068,27133,102,0)
(08072,28219,190,0)
(2401X,28394,81,5)
(2568D,27902,89,13)
(1466A,28752,14,1)
(1468X,22901,31,3)
(1477V,28742,8,6)
(08044,23991,2,2)
(1489A,28744,13,7)
(08045,28100,0,44)
(1496X,24372,0,3)
(1719,28734,15,6)
(1723X,28730,41,4)
(1730E,28719,18,5)
(08205,24932,161,378)
(2847X,28661,109,8)
(2863C,27285,64,47)
(08202,24496,94,23)
(08201,28572,168,1)
(2873X,28640,129,5)
(2883R,28699,63,12)
(2891A,28728,37,3)
(2914C,26505,84,8)
(08129,23745,102,0)
(2918Y,26063,66,23)
(2926B,6110,9,52)
(2930Y,28678,78,5)
(2945A,28666,78,32)
(08195,26846,63,0)
(2135A,25027,75,20)
(2140A,25636,54,623)
(08143,24871,97,0)
(2182C,28651,97,14)
(2192C,27026,62,40)
(08213,24677,53,19)
(2471Y,28054,124,5)
(08399,26433,34,0)
(5612X,28746,7,7)
(08395,27381,38,1)
(5654X,28710,68,2)
(5656,28745,4,7)
(5702X,28553,9,13)
(08392,26609,59,0)
(5726X,28719,5,8)
(5733X,28670,4,3)
(08391,28543,12,5)
(08389,24623,5,0)
(5790Y,28772,0,3)
(08397,27388,11,2)
(5835X,28743,10,8)
(5891X,28508,12,193)
(5998X,28747,5,3)
(2005Y,28655,88,16)
(2017Y,28178,103,21)
(08148,26462,58,20)
(2059B,25321,65,23)
(2092,25518,59,24)
(2096B,28124,66,30)
(2296A,28676,63,15)
(9344C,28314,69,9)
(9352A,28637,66,38)
(C117A,28767,0,3)
(C117Z,28776,0,12)
(C126A,28727,0,9)
(60004,26693,0,5)
(60005,28660,0,5)
(C148F,28739,0,35)
(C314Z,28770,0,3)
(C315P,28759,0,3)
(C317B,26022,0,17)
(C319W,28714,0,38)
(C328W,28659,0,11)
(60008,28025,0,1)
(C406G,27663,22,18)
(C419X,28440,0,34)
(C428T,28738,0,17)
(60025,28381,0,8)
(60010,24508,45,313)
(C438N,28736,0,18)
(C446G,20012,1,38)
(60015,28620,0,18)
(60020,28271,0,16)
(C449F,28695,0,11)
(C457I,27912,0,18)
(C458A,28294,0,7)
(60012,27814,0,1)
(C468B,28754,0,17)
(C469N,28757,0,7)
(C916Q,28227,0,24)
(C925F,28776,0,5)
(60001,28277,0,9)
(C939T,28739,0,19)
(08169,24526,9,0)
(0009X,28726,23,19)
(08175,26518,9,18)
(0034X,28727,22,10)
(0042Y,28752,8,3)
(9726E,28712,52,2)
(9946X,28688,82,2)
(9947X,28687,52,24)
(9961X,28714,52,11)
(9975X,28725,41,4)
(08238,25150,3,0)
(08240,24753,0,0)
(8354X,28685,68,5)
(08235,27894,63,0)
(8376,28708,54,2)
(8458X,26214,78,9)
(8486X,28551,67,17)
(9374X,3097,0,0)
(08233,27759,41,19)
(9436X,28709,50,6)
(9513X,26098,47,1298)
(08236,21957,97,2349)
(9531Y,26891,59,17)
(9546B,25089,12,12)
(9550C,28706,31,7)
(9561X,28070,32,1)
(08166,24551,30,0)
(08164,28261,84,0)
(9935X,16110,15,1567)
(9998X,27833,83,46)
(3099Y,28715,61,4)
(3254Y,10428,0,0)
(08272,28330,25,0)
(08270,27889,59,0)
(3305Y,28051,46,141)
(3362Y,28729,18,13)
(08274,18911,70,0)
(3427Y,16708,33,16)
(08275,18714,29,687)
(08273,23824,83,2)
(4236Y,28741,26,9)
(08282,28037,1,10)
(8072Y,28748,5,18)
(8193E,25544,41,35)
(8270X,28031,2,32)
(8283X,28750,4,5)
(8290X,28743,37,4)
(08290,10412,2,0)
(8300X,28744,7,8)
(08281,26987,69,0)
(8319X,28726,27,7)
(08287,26381,17,1706)
(8337X,28693,14,13)
(8381X,28672,72,8)
(8395X,26465,7,29)
(8409X,27249,6,10)
(08284,28140,0,19)
(08285,28772,0,0)
(2166Y,28644,89,5)
(2172Y,28254,133,23)
(08141,27788,37,0)
(2503B,28322,138,19)
(08142,28158,199,0)
(2507Y,28635,132,1)
(2517A,28675,73,13)
(2593D,27209,98,33)
(2604B,27713,84,2)
(08024,15701,8,1)
(1056K,28676,26,22)
(08059,27868,0,0)
(1064L,28682,34,12)
(1069Y,28347,47,9)
(1074C,28689,30,10)
(1078C,28747,23,9)
(08035,27284,30,2)
(08025,28119,14,36)
(2536D,28664,89,7)
(2555B,28680,83,10)
(2611D,28628,96,16)
(08130,27370,34,0)
(08056,27204,78,0)
(2766E,28686,59,10)
(08125,23260,77,0)
(2777K,27698,52,1030)
(2789H,28558,65,38)
(2804F,26503,67,21)
(2885K,28660,83,7)
(2966D,28682,81,2)
(08090,24553,83,1)
(9299X,24631,31,11)
(9321X,28709,40,10)
(9336D,429,0,88)
(9354X,28692,71,9)
(08157,26315,125,27)
(9390X,23596,46,0)
(08156,28139,73,0)
(9427X,28680,49,9)
(08161,27401,85,0)
(9443V,14223,40,2)
(9495Y,28710,33,5)
(9501X,28714,40,3)
(9510X,28602,24,7)
(9574X,22026,6,1)
(08165,27769,71,0)
(4622X,17831,2,10)
(1049N,5473,16,4)
(08452,5752,0,0)
(C639M,5760,0,0)
(9718X,1142,10,0)
(9772X,95,1,0)
