(08004,27810,7,0)
(08005,19852,360,390)
(08001,22350,2500,19)
(08002,28467,0,6)
(08006,27832,616,0)
(08040,24730,11,1133)
(08042,28264,0,16)
(1435C,14964,0,4640)
(08039,28188,400,0)
(08041,23460,2881,0)
(1060X,28780,0,0)
(9060X,28750,0,3)
(9073X,28754,0,27)
(08080,27704,0,10)
(9122I,28758,0,2)
(4007Y,28775,0,0)
(08355,22956,2641,0)
(08278,7799,198,0)
(08279,25212,3410,0)
(8198Y,25059,0,25)
(7244X,28765,0,0)
(08357,19453,5491,0)
(7261X,28764,0,0)
(8008Y,28765,0,0)
(08360,28036,0,62)
(08359,22062,6130,0)
(08370,16607,11,2704)
(8057C,28766,0,0)
(8059C,28782,0,0)
(08486,23554,724,0)
(6277X,28433,0,0)
(08492,27320,40,0)
(08427,23626,1055,0)
(6307X,10013,0,27)
(08487,27917,0,15)
(6329X,28761,0,0)
(08488,26931,5,215)
(6340X,28772,0,1)
(6364X,28719,0,0)
(08428,20050,4287,0)
(08490,25268,405,0)
(1179B,28753,0,3)
(08016,25567,96,0)
(1186P,28724,0,0)
(1199X,28602,0,168)
(1203D,26916,0,12)
(08014,27532,1044,1)
(08012,26418,1600,0)
(08011,22943,0,16)
(08031,13610,8682,0)
(1223P,28699,0,12)
(1226X,28542,0,12)
(1234P,28750,0,1)
(08015,19569,83,2)
(1272B,28057,0,5)
(1276F,17401,0,12)
(1279X,17994,0,27)
(08010,21625,8,885)
(1302F,28187,0,6)
(1309C,28764,0,4)
(1327A,11425,0,906)
(08009,28243,386,0)
(1341B,28745,0,0)
(08052,17604,74,1553)
(2430Y,28781,0,1)
(08210,25058,1340,13)
(2453E,28759,0,0)
(2456B,28761,0,1)
(2512Y,28756,0,0)
(08206,18667,966,0)
(2828Y,28752,0,2)
(3319D,28765,0,2)
(3337U,28770,0,1)
(08208,25701,3066,0)
(3422D,28724,3,23)
(08264,3890,106,13441)
(4260,28754,0,1)
(4325X,28751,0,2)
(4340,27356,0,6)
(08333,25476,447,20)
(08336,12864,18,6378)
(4395X,28776,0,0)
(08331,24944,2266,156)
(4427X,28770,0,1)
(4436Y,28642,0,63)
(08330,26506,879,0)
(4464X,28754,0,0)
(4468X,28764,0,2)
(4478X,28774,0,0)
(4486X,28749,0,15)
(4489X,28738,0,2)
(4492E,28763,0,0)
(4497X,27876,0,2)
(4499X,28759,0,0)
(4501X,28744,1,1)
(08337,6800,15,0)
(4520X,28762,0,2)
(0061X,21389,0,1)
(0066X,28779,0,0)
(0073X,28780,0,0)
(08181,27085,0,11)
(0092X,28736,0,4)
(0106X,28745,0,2)
(0114X,28320,1,12)
(0120X,28780,0,0)
(08174,27371,94,17)
(08180,23995,217,0)
(0201X,28742,0,0)
(0222X,28772,0,0)
(08192,22534,2812,0)
(0244X,28759,0,3)
(08186,23911,988,0)
(08188,20165,4198,0)
(2106B,24714,0,0)
(08144,23641,1038,30)
(2290Y,26553,2,184)
(08149,18966,180,10)
(2302N,28760,0,0)
(2311Y,28777,1,2)
(9031C,28762,0,4)
(08063,26332,464,0)
(9069C,28770,0,0)
(08077,26124,295,0)
(3386A,21132,0,4)
(3423I,28746,0,0)
(08254,22667,103,3)
(3436D,28757,0,1)
(3455X,27572,0,1)
(08263,24797,2409,0)
(08261,27470,1302,0)
(3475X,27592,0,379)
(3494U,28772,0,0)
(3503,28782,0,1)
(3504X,28758,0,1)
(3512X,28764,0,1)
(3514B,28759,0,0)
(3516X,26978,0,1290)
(08252,26566,1707,0)
(08251,27175,137,12)
(3531X,28774,0,0)
(3536X,28765,0,1)
(3540X,28749,0,2)
(3547X,23834,0,702)
(3562X,28749,0,0)
(3565X,28782,0,2)
(08260,20742,1207,0)
(4245X,28759,0,0)
(4339X,28740,0,3)
(4347X,28764,0,1)
(4411C,28759,0,0)
(5906X,28773,0,6)
(08455,28393,235,0)
(5919X,28759,0,11)
(5941X,28765,0,2)
(5950X,28675,0,0)
(08451,28118,0,10)
(08453,25040,2153,0)
(5983X,1008,0,101)
(08457,28255,523,0)
(5996B,28760,0,0)
(08458,23033,84,0)
(6042I,28759,0,0)
(6056X,26418,0,6)
(08020,7360,182,0)
(1096X,28662,0,0)
(08021,27593,0,24)
(08023,20174,26,0)
(1124E,28742,0,0)
(1135C,28755,0,0)
(1154H,20729,0,2742)
(08017,28062,295,0)
(1167B,27994,0,8)
(1174I,28769,0,3)
(1176A,4375,0,0)
(1740,10355,0,826)
(08032,24877,1204,0)
(9016X,28461,0,2)
(08033,18670,9056,0)
(8439X,28776,0,2)
(8472A,21559,0,6)
(8492X,26235,0,5)
(08286,24813,1088,0)
(8503Y,28765,0,0)
(8520X,27376,1,93)
(08239,27402,981,0)
(08237,20418,343,5)
(60320,27443,280,0)
(4064Y,28668,0,0)
(08276,27099,148,294)
(08348,24083,393,0)
(4138Y,23675,0,5086)
(08351,26519,553,0)
(08345,14517,4577,2)
(4210Y,18,0,0)
(08271,10056,4356,0)
(4300Y,27015,0,1)
(5304Y,28758,0,0)
(5341C,26343,0,3)
(4263X,28753,0,22)
(08335,21651,1887,22)
(5361X,28743,0,2)
(08346,25726,23,2)
(5394X,28779,0,0)
(08410,28461,0,4)
(5412X,28785,0,1)
(08412,27281,999,0)
(5459X,28756,0,3)
(5470,28319,0,0)
(5598X,28337,0,0)
(5624X,28756,0,1)
(5625X,28310,0,1)
(08230,8853,15550,0)
(08277,23377,65,2)
(4051Y,13745,0,0)
(4070Y,16360,0,3)
(08256,26805,40,2)
(4093Y,18098,0,0)
(4095Y,28777,0,0)
(08231,27772,501,1)
(8155Y,28768,0,0)
(0281Y,28760,0,0)
(0284X,28766,0,1)
(0312X,28751,1,1)
(0320I,28743,0,3)
(08118,17170,8198,0)
(0360X,28676,1,3)
(0363X,28722,0,1)
(08184,21044,0,8)
(0370E,28731,0,17)
(0385X,28760,0,0)
(0394X,28767,0,0)
(0411X,28772,0,1)
(0421X,28776,0,2)
(0429X,28760,0,0)
(08117,23374,286,0)
(08424,23987,37,72)
(08423,27560,10,67)
(5515X,28761,0,0)
(08419,27611,0,58)
(08414,23699,1449,0)
(6267X,28771,0,1)
(08485,25692,1392,0)
(6268Y,28375,0,0)
(6272X,28764,0,2)
(08232,19638,1667,0)
(08150,25087,192,14)
(08226,27982,39,3)
(1012P,28596,0,1)
(08029,27281,0,30)
(1021X,4549,0,1)
(1025X,28739,0,0)
(1026X,28726,0,0)
(08037,24961,3594,0)
(1038X,28775,0,0)
(08026,27294,434,0)
(08036,18381,7372,0)
(1052A,28752,0,3)
(4527X,28750,0,0)
(08381,27070,1444,0)
(4554X,28772,0,1)
(08380,28028,57,290)
(4589X,21969,0,43)
(4608X,26300,0,4)
(08383,25302,1200,0)
(5769X,28755,0,1)
(5858X,28754,0,2)
(08384,28330,121,1)
(08097,14186,10884,0)
(08091,24475,853,0)
(9207,28695,0,5)
(08095,23724,210,168)
(9211F,20290,0,20)
(9453X,28769,0,0)
(9460X,28708,0,0)
(9491X,28734,0,2)
(9751,28772,0,0)
(9756X,28649,0,3)
(08103,23218,425,0)
(08101,17255,7229,1)
(08104,16092,8143,0)
(08106,17427,4187,0)
(9843A,28637,0,0)
(9855E,28778,0,1)
(9866C,28644,0,3)
(08163,23858,1789,0)
(9894Y,28537,1,4)
(08094,24555,48,34)
(9908X,28650,0,0)
(9911X,28764,0,0)
(08168,23879,4466,0)
(9918Y,28669,0,0)
(9924X,28715,0,0)
(08304,16523,10953,0)
(B158X,28773,0,3)
(08301,26098,2305,2)
(B236C,28782,0,0)
(08303,22836,1541,0)
(08306,27831,0,21)
(08308,28760,0,1)
(08310,25412,2374,1)
(B362X,28748,0,6)
(B373X,28779,1,1)
(08309,24625,5,124)
(B496X,28756,0,3)
(08311,27626,164,0)
(B614E,28773,0,2)
(B644B,28768,0,1)
(B662X,28738,0,6)
(08312,24490,68,5)
(B760X,28766,0,0)
(B780X,27597,0,3)
(B825B,28020,0,104)
(08314,28245,0,12)
(08373,27604,0,19)
(08353,23037,5562,0)
(08352,21714,4986,0)
(08354,28211,110,89)
(5210X,28754,0,0)
(08350,27942,166,4)
(08417,26048,1574,0)
(5279X,28770,0,0)
(5281X,28743,0,2)
(08347,23522,4260,0)
(5406X,28769,0,0)
(9115X,25904,0,22)
(9141V,28764,0,0)
(9145Y,28726,0,0)
(08084,26001,0,6)
(9283Y,28544,0,0)
(60040,26139,0,17)
(C038N,28670,1,5)
(C048W,28767,0,0)
(C229X,28763,0,0)
(C239N,28746,0,0)
(C248E,28579,0,0)
(60035,25959,0,12)
(C259X,28451,0,0)
(C611E,996,0,11)
(C612F,28737,1,4)
(C619X,28784,0,3)
(60027,20779,6,0)
(C623I,18056,0,2)
(C625O,26943,0,0)
(C628B,28767,1,1)
(C629I,28744,0,0)
(C629Q,27506,0,0)
(60036,26392,94,0)
(C635B,28751,0,14)
(C639U,28751,0,3)
(C639Y,17731,0,0)
(C648C,28742,0,0)
(C648N,28740,0,0)
(60030,28668,0,9)
(C649R,28119,0,0)
(C656V,27255,0,0)
(C658X,13839,0,116)
(60029,7109,1275,0)
(C665T,28733,0,0)
(C669B,28316,1,7)
(60037,12031,2218,0)
(60045,25639,8,377)
(1541B,28767,0,0)
(08053,27468,33,0)
(08054,16143,11556,0)
(2624C,28649,0,0)
(2626Y,28763,0,0)
(08057,23829,126,117)
(2647Y,28673,0,0)
(08055,25365,770,7)
(2664B,28715,0,5)
(2701D,28764,0,1)
(2728B,28764,0,1)
(2734D,19187,0,3)
(08123,25087,1887,0)
(2742R,28758,0,3)
(9590,28750,0,5)
(08115,18963,6658,0)
(9632X,25216,1,23)
(9638D,26593,0,1114)
(9657X,28739,0,1)
(08112,27309,364,78)
(9707,28769,0,2)
(08173,23538,1732,0)
(9724X,28768,0,4)
(9729X,28561,0,122)
(9744B,28756,0,1)
(08171,25629,956,0)
(08107,18868,5239,0)
(9994X,26240,0,1)
(1297E,28767,0,10)
(1342X,28766,0,0)
(08008,24768,29,0)
(1518A,28767,0,0)
(1521X,28628,0,1)
(1679A,28777,0,1)
(08215,12090,113,0)
(08229,17677,6356,0)
(3104Y,28760,0,0)
(08146,24205,1130,0)
(08145,21346,3154,0)
(3126Y,28775,0,0)
(08221,28035,0,13)
(08221,28035,0,13)
(3170Y,28775,0,0)
(3182Y,28763,0,0)
(08219,25148,1108,0)
(08220,22824,4094,0)
(08222,26019,1471,0)
(08217,24763,2215,0)
(3268C,28426,0,2)
(08212,18745,6727,0)
(3343Y,28762,0,0)
(08443,21777,3308,0)
(6032X,28779,0,0)
(6040X,24161,0,0)
(6045X,28705,0,0)
(6050X,28773,0,0)
(6057X,28761,0,2)
(08463,24534,507,0)
(6069X,27774,0,2)
(6076X,28720,0,0)
(6083X,28741,0,1)
(08480,25571,196,0)
(6088X,28769,0,0)
(08413,20958,1953,0)
(6127X,28776,0,1)
(08481,27558,198,0)
(08479,27880,223,0)
(6172X,28781,0,0)
(6201X,28706,0,0)
(08484,27641,496,0)
(6213X,26734,0,0)
(6375X,28762,0,0)
(60338,21778,6182,0)
(08432,26703,198,9)
(08434,26029,1394,0)
(7026X,28029,0,32)
(08433,25594,0,17)
(08365,27330,30,76)
(7121A,28745,0,6)
(7138B,28762,0,0)
(08363,26781,770,0)
(7172X,28779,0,0)
(08430,23964,1226,0)
(7203A,28285,0,0)
(08426,22420,2807,0)
(7218X,28765,0,0)
(7227X,28729,0,0)
(7237E,27048,1,1)
(08356,27714,235,30)
(08030,8836,8785,0)
(1010X,28720,0,5)
(1033X,28573,0,0)
(9171K,28663,0,0)
(08079,21191,1155,0)
(08092,26048,177,0)
(9228J,28738,0,2)
(08088,1456,810,0)
(9245X,28697,0,7)
(9252X,28713,0,0)
(9262P,28709,0,18)
(08085,23496,0,4)
(08089,12604,2551,0)
(9274X,23050,0,0)
(9280B,28759,1,2)
(08153,11300,622,0)
(08087,27847,213,59)
(08154,19893,1300,0)
(9302Y,28684,0,6)
(9995Y,28396,1,1)
(08051,27891,107,0)
(1639X,28433,0,2)
(08048,24998,1202,2)
(08047,17965,10747,0)
(08050,20723,5368,0)
(08058,20515,53,2331)
(2243A,28773,0,0)
(2276B,28764,0,3)
(08068,26031,1187,17)
(08072,28014,395,0)
(2401X,28479,0,1)
(2568D,28000,0,4)
(1466A,28767,0,0)
(1477V,28755,0,1)
(08044,21820,2174,1)
(1489A,28762,0,2)
(08045,28117,0,27)
(1496X,24363,0,12)
(08205,24317,1,1153)
(2847X,9171,0,19607)
(2863C,27394,1,1)
(08202,24603,0,10)
(08201,27189,1552,0)
(2873X,28774,0,0)
(2883R,22644,0,6130)
(2891A,28765,0,3)
(2914C,26597,0,0)
(08129,23666,164,17)
(2918Y,26152,0,0)
(2926B,6120,1,50)
(2930Y,28761,0,0)
(2945A,28776,0,0)
(08195,25536,141,1232)
(2135A,25108,0,14)
(2140A,23209,0,3104)
(08143,24941,18,9)
(2182C,28759,0,3)
(2192C,24639,0,2489)
(08213,24725,24,0)
(08399,26374,90,3)
(08395,24570,2850,0)
(5654X,28780,0,0)
(5656,28755,0,1)
(5702X,28573,0,2)
(08392,24119,2549,0)
(5726X,28724,0,8)
(5733X,28677,0,0)
(08391,28553,0,7)
(08389,11002,13626,0)
(5790Y,28775,0,0)
(08397,25513,1888,0)
(5835X,28761,0,0)
(5891X,28713,0,0)
(5998X,28755,0,0)
(2005Y,28750,0,9)
(2017Y,28302,0,0)
(08148,26475,46,19)
(2059B,25401,0,8)
(2092,25597,0,4)
(2096B,28210,1,9)
(2296A,28750,0,4)
(9344C,28390,0,2)
(9352A,28740,0,1)
(C117A,28769,0,1)
(C117Z,28788,0,0)
(C126A,28732,0,4)
(60004,25906,791,1)
(60005,28651,0,14)
(C148F,28770,0,4)
(C314Z,28773,0,0)
(C315P,28761,0,1)
(C317B,26037,1,1)
(C319W,28752,0,0)
(C328W,28652,3,15)
(60008,27838,188,0)
(C406G,27699,0,4)
(C419X,28422,0,52)
(C428T,28747,0,8)
(60025,28373,0,16)
(60010,24534,27,305)
(C438N,28745,0,9)
(C446G,20006,2,43)
(60015,28628,0,10)
(60020,26440,1847,0)
(C449F,28694,0,12)
(C457I,27928,0,2)
(C458A,28294,0,7)
(60012,25073,2742,0)
(C468B,28765,0,6)
(C469N,28764,0,0)
(C916Q,28239,0,12)
(C925F,28781,0,0)
(60001,28277,0,9)
(C939T,28757,0,1)
(08169,23512,1023,0)
(0009X,28767,0,1)
(08175,26526,0,19)
(0042Y,28763,0,0)
(9726E,28766,0,0)
(9947X,28763,0,0)
(9961X,28776,0,1)
(9975X,28770,0,0)
(08238,24996,157,0)
(08240,22350,2403,0)
(8354X,28755,1,2)
(08235,27907,50,0)
(8376,28763,0,1)
(8458X,26288,2,11)
(8486X,28634,0,1)
(9374X,3097,0,0)
(08233,27760,40,19)
(9436X,28765,0,0)
(9513X,25217,0,2226)
(08236,16796,7607,0)
(9531Y,26964,1,2)
(9546B,25101,0,12)
(9550C,28742,0,2)
(9561X,28101,0,2)
(08166,24530,48,3)
(08164,25528,2817,0)
(9935X,16609,0,1083)
(9998X,27962,0,0)
(3099Y,28780,0,0)
(3254Y,10428,0,0)
(08272,27409,927,19)
(08270,23574,4374,0)
(08274,18637,344,0)
(08275,9323,10107,0)
(08273,23189,97,623)
(08282,26536,1512,0)
(8072Y,28770,0,1)
(8193E,25620,0,0)
(8270X,25336,0,2729)
(8283X,28757,0,2)
(08290,10364,50,0)
(8300X,28756,0,3)
(08281,27005,50,1)
(8319X,28760,0,0)
(08287,25550,2554,0)
(8395X,26431,2,68)
(8409X,27262,0,3)
(08284,28127,0,32)
(08285,27513,1259,0)
(2172Y,28407,0,3)
(08141,27759,63,3)
(2503B,28466,1,12)
(08142,24497,3860,0)
(2517A,28759,1,1)
(2593D,27324,1,15)
(2604B,27525,1,273)
(08024,15571,139,0)
(1056K,28723,0,1)
(08022,23307,694,0)
(08059,27444,424,0)
(1064L,28725,0,3)
(1074C,28728,0,1)
(08035,24588,2728,0)
(08025,28121,0,48)
(2536D,28760,0,0)
(2555B,28773,0,0)
(2611D,28740,0,0)
(08130,27056,348,0)
(08056,26888,393,1)
(08125,22705,628,4)
(2777K,28779,0,1)
(2789H,28661,0,0)
(2804F,26585,0,6)
(2885K,28750,0,0)
(2966D,28765,0,0)
(08090,23312,1325,0)
(9299X,24670,0,3)
(9321X,28757,1,1)
(9336D,440,0,77)
(08157,21003,5463,1)
(9390X,23642,0,0)
(08156,27657,555,0)
(9427X,28737,0,1)
(08161,27031,455,0)
(9443V,14265,0,0)
(9495Y,28747,0,1)
(9501X,28756,0,1)
(9510X,28631,1,1)
(08165,27796,43,1)
(4622X,17835,0,8)
(1049N,5490,0,3)
(08452,5665,87,0)
(C639M,5760,0,0)
