(08004,27817,0,0)
(08005,20196,18,388)
(08001,22202,2648,19)
(08002,28471,0,2)
(08006,27956,492,0)
(08040,24741,0,1133)
(08042,28268,0,12)
(1435C,19397,174,33)
(08039,28468,120,0)
(08041,25154,1187,0)
(1060X,28665,115,0)
(9060X,28489,261,3)
(9073X,28678,79,24)
(08080,27707,0,7)
(9122I,28387,373,0)
(4007Y,28645,130,0)
(08355,23965,1632,0)
(08278,7852,145,0)
(08279,26712,1910,0)
(8198Y,24981,80,23)
(7244X,28723,42,0)
(08357,20143,4801,0)
(7261X,28717,47,0)
(8008Y,28451,314,0)
(08360,28070,0,28)
(08359,23989,4203,0)
(08370,16618,0,2704)
(8057C,28721,45,0)
(8059C,28752,30,0)
(08486,24098,180,0)
(6277X,28161,272,0)
(08492,27360,0,0)
(08427,24604,77,0)
(6307X,9945,71,24)
(08487,27917,0,15)
(6329X,28568,193,0)
(08488,26936,0,215)
(6340X,28681,92,0)
(6364X,28625,94,0)
(08428,21706,2630,1)
(08490,25451,222,0)
(1179B,28435,321,0)
(08016,25663,0,0)
(1186P,28515,209,0)
(1199X,28493,111,166)
(1203D,26890,37,1)
(08014,27899,678,0)
(08012,26598,1420,0)
(08011,22951,0,8)
(08031,13848,8444,0)
(1223P,28102,601,8)
(1226X,28391,151,12)
(1234P,28458,293,0)
(08015,19611,41,2)
(1272B,28033,24,5)
(1276F,17229,172,12)
(1279X,17922,75,24)
(08010,21633,0,885)
(1302F,28112,75,6)
(1309C,28638,127,3)
(1327A,11396,23,912)
(08009,28447,182,0)
(1341B,28626,119,0)
(08052,17678,0,1553)
(2430Y,28698,84,0)
(08210,26000,398,13)
(2453E,28630,129,0)
(2456B,28602,160,0)
(2512Y,28640,116,0)
(08206,19189,444,0)
(2828Y,28526,228,0)
(3319D,28579,186,2)
(3337U,28601,170,0)
(08208,27138,1629,0)
(3422D,28472,219,59)
(08264,3996,0,13441)
(4260,28677,78,0)
(4325X,28604,148,1)
(4340,27301,55,6)
(08333,25923,0,20)
(08336,12882,0,6378)
(4395X,28676,100,0)
(08331,25803,1407,156)
(4427X,28696,75,0)
(4436Y,28582,60,63)
(08330,27151,234,0)
(4464X,28571,183,0)
(4468X,28468,298,0)
(4478X,28653,120,1)
(4486X,28677,77,10)
(4489X,28387,352,1)
(4492E,28694,69,0)
(4497X,27705,171,2)
(4499X,28660,99,0)
(4501X,28639,107,0)
(08337,6815,0,0)
(4520X,28628,136,0)
(0061X,21368,21,1)
(0066X,28479,300,0)
(0073X,28713,67,0)
(08181,27085,0,11)
(0092X,28711,25,4)
(0106X,28336,409,2)
(0114X,28178,144,11)
(0120X,28527,253,0)
(08174,27465,0,17)
(08180,24048,164,0)
(0201X,28714,28,0)
(0222X,28705,67,0)
(08192,23583,1763,0)
(0244X,28549,210,3)
(08186,24443,455,1)
(08188,22083,2280,0)
(2106B,24558,156,0)
(08144,24679,0,30)
(2290Y,26487,71,181)
(08149,19146,0,10)
(2302N,28708,51,1)
(2311Y,28543,236,1)
(9031C,28615,149,2)
(08063,26796,0,0)
(9069C,28519,251,0)
(08077,26386,33,0)
(3386A,21058,73,5)
(3423I,28484,262,0)
(08254,22770,0,3)
(3436D,28680,78,0)
(3455X,27435,137,1)
(08263,25760,1446,0)
(08261,28180,592,0)
(3475X,27267,324,380)
(3494U,28372,400,0)
(3503,28503,280,0)
(3504X,28684,75,0)
(3512X,28566,198,1)
(3514B,28748,11,0)
(3516X,26766,212,1290)
(08252,27012,1261,0)
(08251,27312,0,12)
(3531X,28490,284,0)
(3536X,28002,763,1)
(3540X,28539,211,1)
(3547X,23512,322,702)
(3562X,28687,62,0)
(3565X,28627,157,0)
(08260,20893,1056,0)
(4245X,28556,203,0)
(4339X,28648,92,3)
(4347X,28699,66,0)
(4411C,28666,93,0)
(5906X,28607,168,4)
(08455,28600,28,0)
(5919X,28726,34,10)
(5941X,28586,180,1)
(5950X,28504,171,0)
(08451,28118,0,10)
(08453,25207,1986,0)
(5983X,1008,0,101)
(08457,28332,446,0)
(5996B,28313,447,0)
(08458,23061,56,0)
(6042I,28663,96,0)
(6056X,26399,19,6)
(08020,7514,28,0)
(1096X,28588,74,0)
(08021,27595,0,22)
(08023,20191,9,0)
(1124E,28407,335,0)
(1135C,28730,25,0)
(1154H,20642,86,2743)
(08017,28168,189,0)
(1167B,27964,30,8)
(1174I,28473,297,2)
(1176A,4353,22,0)
(1740,10331,24,826)
(08032,25630,451,0)
(9016X,28266,195,2)
(08033,20515,7210,1)
(8439X,28682,96,0)
(8472A,21443,120,2)
(8492X,26121,114,5)
(08286,25008,893,0)
(8503Y,28296,469,0)
(8520X,27364,23,83)
(08239,27322,1061,0)
(08237,20671,94,1)
(60320,27671,52,0)
(4064Y,28346,322,0)
(08276,27247,0,294)
(08348,24350,126,0)
(4138Y,23588,87,5086)
(08351,27072,0,0)
(08345,15076,4016,4)
(4210Y,18,0,0)
(08271,11076,3336,0)
(4300Y,26895,120,1)
(5304Y,28656,102,0)
(5341C,26229,114,3)
(4263X,28633,119,23)
(08335,22340,1217,3)
(5361X,28646,95,4)
(08346,25749,0,2)
(5394X,28629,150,0)
(08410,28462,0,3)
(5412X,28631,154,1)
(08412,27921,359,0)
(5459X,28518,238,3)
(5470,28280,39,0)
(5598X,28265,71,1)
(5624X,28658,98,1)
(5625X,27802,509,0)
(08230,11425,12976,2)
(08277,23442,0,2)
(4051Y,13649,96,0)
(4070Y,16290,69,4)
(08256,26845,0,2)
(4093Y,17947,151,0)
(4095Y,28634,143,0)
(08231,28247,26,1)
(8155Y,28667,101,0)
(0281Y,28378,382,0)
(0284X,28658,109,0)
(0312X,28646,107,0)
(0320I,28667,76,3)
(08118,21295,4073,0)
(0360X,28578,100,2)
(0363X,28398,325,0)
(08184,21046,0,6)
(0370E,28554,177,17)
(0385X,28667,93,0)
(0394X,28679,88,0)
(0411X,28534,238,1)
(0421X,28564,212,2)
(0429X,28381,379,0)
(08117,23610,50,0)
(08424,24024,0,72)
(08423,27570,0,67)
(5515X,28632,129,0)
(08419,27611,0,58)
(08414,24625,523,0)
(6267X,28394,378,0)
(08485,26678,406,0)
(6268Y,28153,222,0)
(6272X,28740,26,0)
(08232,19798,1507,0)
(08150,25279,0,14)
(08226,28018,3,3)
(1012P,28438,158,1)
(08029,27283,0,28)
(1021X,4523,26,1)
(1025X,28492,247,0)
(1026X,28670,56,0)
(08037,26472,2083,0)
(1038X,28622,153,0)
(08026,27393,335,0)
(08036,19573,6180,0)
(1052A,28669,83,3)
(4527X,28621,129,0)
(08381,28094,420,0)
(4554X,28487,285,1)
(08380,28085,0,290)
(4589X,21858,111,43)
(4608X,26114,186,4)
(08383,25498,1004,0)
(5769X,28636,120,0)
(5858X,28645,111,0)
(08384,28405,46,1)
(08097,16453,8617,0)
(08091,25015,313,0)
(9207,28557,129,14)
(08095,23934,0,168)
(9211F,3871,41,16398)
(9453X,28612,156,1)
(9460X,28620,88,0)
(9491X,28702,33,1)
(9751,28752,20,0)
(9756X,27940,709,3)
(08103,23643,0,0)
(08101,21516,2969,0)
(08104,18887,5348,0)
(08106,19164,2450,0)
(9843A,28305,332,0)
(9855E,28733,46,0)
(9866C,28566,79,2)
(08163,24736,911,0)
(9894Y,28387,154,1)
(08094,24608,4,25)
(9908X,28575,75,0)
(9911X,28746,18,0)
(08168,25172,3173,0)
(9918Y,28488,181,0)
(9924X,28661,54,0)
(08304,17620,9856,0)
(B158X,28513,261,2)
(08301,28117,287,1)
(B236C,28225,557,0)
(08303,22738,1639,0)
(08306,27831,0,21)
(08308,28619,142,0)
(08310,26998,788,1)
(B362X,28612,137,5)
(B373X,28536,245,0)
(08309,24629,0,125)
(B496X,28636,121,2)
(08311,27219,571,0)
(B614E,28695,80,0)
(B644B,28634,134,1)
(B662X,28625,115,4)
(08312,24558,0,5)
(B760X,28519,247,0)
(B780X,27057,542,1)
(B825B,27777,243,104)
(08314,28248,0,9)
(08373,27607,0,16)
(08353,24137,4462,0)
(08352,22724,3976,0)
(08354,28321,0,89)
(5210X,28356,175,223)
(08350,28108,0,4)
(08417,27158,464,0)
(5279X,28714,56,0)
(5281X,28618,127,0)
(08347,25931,1851,0)
(5406X,28646,123,0)
(9115X,25737,165,24)
(9141V,28678,86,0)
(9145Y,28687,39,0)
(08084,26003,0,4)
(9283Y,28397,147,0)
(60040,26145,0,11)
(C038N,28262,414,0)
(C048W,28158,609,0)
(C229X,28499,264,0)
(C239N,28566,180,0)
(C248E,27459,1120,0)
(60035,25960,0,11)
(C259X,27967,484,0)
(C611E,992,5,10)
(C612F,28704,38,0)
(C619X,28638,147,2)
(60027,20785,0,0)
(C623I,17965,90,3)
(C625O,26848,95,0)
(C628B,28665,104,0)
(C629I,28675,69,0)
(C629Q,27278,228,0)
(60036,26482,4,0)
(C635B,28696,69,0)
(C639U,28657,97,0)
(C639Y,17654,77,0)
(C648C,27790,952,0)
(C648N,28343,397,0)
(60030,28670,0,7)
(C649R,27029,1090,0)
(C656V,26992,263,0)
(C658X,13802,37,116)
(60029,7344,1040,0)
(C665T,28459,274,0)
(C669B,27713,606,5)
(60037,12195,2054,0)
(60045,25647,0,377)
(1541B,28382,385,0)
(08053,27497,4,0)
(08054,19870,7829,0)
(2624C,28433,216,0)
(2626Y,28598,161,4)
(08057,23955,0,117)
(2647Y,28509,164,0)
(08055,25850,288,4)
(2664B,28425,290,5)
(2701D,28178,587,0)
(2728B,28447,318,0)
(2734D,18947,241,2)
(08123,25549,1425,0)
(2742R,28636,125,0)
(9590,28480,270,5)
(08115,23485,2136,0)
(9632X,24936,285,19)
(9638D,26231,362,1114)
(9657X,28478,262,0)
(08112,27673,0,78)
(9707,28599,172,0)
(08173,25072,198,0)
(9724X,28694,74,4)
(9729X,28463,104,116)
(9744B,28540,216,1)
(08171,26205,380,0)
(08107,23278,829,0)
(9994X,26054,186,1)
(1297E,28497,271,9)
(1342X,28679,87,0)
(08008,24789,8,0)
(1518A,28518,249,0)
(1521X,28563,66,0)
(1679A,28386,392,0)
(08215,12194,9,0)
(08229,18726,5307,0)
(3104Y,28680,80,0)
(08146,25072,263,0)
(08145,21454,3046,0)
(3126Y,28684,91,0)
(08221,28036,0,12)
(08221,28036,0,12)
(3170Y,28673,102,0)
(3182Y,28620,143,0)
(08219,25654,602,0)
(08220,24069,2849,0)
(08222,26380,1110,0)
(08217,25091,1887,0)
(3268C,28243,185,0)
(08212,19420,6052,0)
(3343Y,28557,205,0)
(08443,23053,2032,0)
(6032X,28667,112,0)
(6040X,23922,239,0)
(6045X,28603,102,0)
(6050X,28295,478,0)
(6057X,28665,98,0)
(08463,25041,0,0)
(6069X,27725,49,2)
(6076X,28548,172,0)
(6083X,28587,155,0)
(08480,25717,50,0)
(6088X,28650,119,0)
(08413,22580,331,0)
(6127X,28464,313,0)
(08481,27727,29,0)
(08479,27949,154,0)
(6172X,28489,292,0)
(6201X,27971,735,0)
(08484,27816,321,0)
(6213X,26121,613,0)
(6375X,28518,244,0)
(60338,22696,5264,0)
(08432,26901,0,9)
(08434,26474,949,0)
(7026X,27768,261,32)
(08433,25594,0,17)
(08365,27360,0,76)
(7121A,28623,124,4)
(7138B,28274,488,0)
(08363,27254,297,0)
(7172X,28713,66,0)
(08430,24806,384,0)
(7203A,27957,328,0)
(08426,24593,634,0)
(7218X,28607,158,0)
(7227X,28554,175,0)
(7237E,26991,58,1)
(08356,27949,0,30)
(08030,9673,7948,0)
(1010X,28589,132,4)
(1033X,28450,123,0)
(9171K,28341,322,0)
(08079,21953,393,0)
(08092,26155,70,0)
(9228J,28534,198,8)
(08088,1470,796,0)
(9245X,28436,261,7)
(9252X,28548,165,0)
(9262P,28671,40,16)
(08085,23497,0,3)
(08089,12919,2236,0)
(9274X,22741,309,0)
(9280B,28367,395,0)
(08153,11624,298,0)
(08087,28060,0,59)
(08154,20571,622,0)
(9302Y,28342,342,6)
(9995Y,27923,475,0)
(08051,27998,0,0)
(1639X,28318,115,2)
(08048,26139,62,1)
(08047,24592,4120,0)
(08050,22321,3770,0)
(08058,20558,0,2341)
(2243A,28696,77,0)
(2276B,28509,255,3)
(08068,27218,0,17)
(08072,28129,280,0)
(2401X,28360,119,1)
(2568D,27851,149,4)
(1466A,28693,74,0)
(1477V,28509,247,0)
(08044,21761,2233,1)
(1489A,28603,161,0)
(08045,28119,0,25)
(1496X,24302,61,12)
(08205,24318,0,1153)
(2847X,8606,15,20157)
(2863C,27172,224,0)
(08202,24606,0,7)
(08201,28143,598,0)
(2873X,28710,64,0)
(2883R,22607,38,6129)
(2891A,28693,73,2)
(2914C,26515,82,0)
(08129,23830,0,17)
(2918Y,26065,86,1)
(2926B,6089,33,49)
(2930Y,28515,246,0)
(2945A,28443,333,0)
(08195,25677,0,1232)
(2135A,24949,159,14)
(2140A,23035,2810,468)
(08143,24959,0,9)
(2182C,28641,119,2)
(2192C,27,1573,25528)
(08213,24749,0,0)
(08399,26464,0,3)
(08395,25678,1742,0)
(5654X,28655,125,0)
(5656,28698,58,0)
(5702X,28483,92,0)
(08392,25488,1180,0)
(5726X,28473,255,4)
(5733X,28559,118,0)
(08391,28554,0,6)
(08389,11592,13036,0)
(5790Y,28293,482,0)
(08397,26252,1149,0)
(5835X,28594,167,0)
(5891X,28605,107,1)
(5998X,28691,64,0)
(2005Y,28334,417,8)
(2017Y,27271,1031,0)
(08148,26515,6,19)
(2059B,25312,89,8)
(2092,25537,60,4)
(2096B,28133,83,4)
(2296A,28419,330,5)
(9344C,28264,126,2)
(9352A,28090,650,1)
(C117A,28707,63,0)
(C117Z,28668,120,0)
(C126A,28724,8,4)
(60004,26697,0,1)
(60005,28651,0,14)
(C148F,28689,82,3)
(C314Z,28692,81,0)
(C315P,28700,61,1)
(C317B,25885,154,0)
(C319W,28629,123,0)
(C328W,28350,318,2)
(60008,27720,306,0)
(C406G,27514,183,6)
(C419X,28332,95,47)
(C428T,28619,130,6)
(60025,28373,0,16)
(60010,24556,4,306)
(C438N,28671,83,0)
(C446G,19850,167,34)
(60015,28632,0,6)
(60020,26911,1376,0)
(C449F,27860,846,0)
(C457I,27695,234,1)
(C458A,28170,124,7)
(60012,27815,0,0)
(C468B,28728,43,0)
(C469N,28732,32,0)
(C916Q,27767,470,14)
(C925F,28738,43,0)
(60001,28277,0,9)
(C939T,28707,51,0)
(08169,24339,196,0)
(0009X,28749,19,0)
(08175,26530,0,15)
(0042Y,28493,270,0)
(9726E,28749,17,0)
(9947X,28750,13,0)
(9961X,28657,119,1)
(9975X,28600,170,0)
(08238,24739,414,0)
(08240,23432,1321,0)
(8354X,28664,94,0)
(08235,27955,2,0)
(8376,28631,133,0)
(8458X,26043,249,9)
(8486X,28575,60,0)
(9374X,3048,49,0)
(08233,27798,2,19)
(9513X,3,10,27430)
(08236,19897,4506,0)
(9531Y,26855,112,0)
(9546B,25023,79,11)
(9550C,28693,51,0)
(9561X,28008,93,2)
(08166,24578,0,3)
(08164,27420,925,0)
(9935X,16592,17,1083)
(9998X,27784,175,3)
(3099Y,28572,208,0)
(3254Y,10385,43,0)
(08272,27697,639,19)
(08270,24527,3421,0)
(08274,18981,0,0)
(08275,9523,9907,0)
(08273,23286,0,623)
(08282,27763,285,0)
(8072Y,28601,170,0)
(8193E,25389,231,0)
(8270X,27939,107,19)
(8283X,28705,52,2)
(08290,10414,0,0)
(8300X,28658,98,3)
(08281,27055,0,1)
(8319X,28590,170,0)
(08287,26373,1731,0)
(8395X,26320,135,46)
(8409X,27131,131,3)
(08284,28134,0,25)
(08285,28325,447,0)
(2172Y,28312,93,5)
(08141,27822,0,3)
(2503B,28333,138,8)
(08142,26823,1534,0)
(2517A,28568,193,0)
(2593D,27176,153,11)
(2604B,27449,78,272)
(08024,15610,99,1)
(1056K,28596,128,0)
(08022,23410,591,0)
(08059,27572,296,0)
(1064L,28647,78,3)
(1074C,28561,167,1)
(08035,26827,489,0)
(08025,28124,0,45)
(2536D,28679,81,0)
(2555B,28603,168,2)
(2611D,28494,246,0)
(08130,27122,282,0)
(08056,27281,0,1)
(08125,23333,0,4)
(2777K,28653,127,0)
(2789H,28562,99,0)
(2804F,26539,46,6)
(2885K,28723,27,0)
(08090,23997,640,0)
(9299X,24481,189,3)
(9321X,28583,176,0)
(9336D,440,0,77)
(08157,22305,4162,0)
(9390X,23477,165,0)
(08156,28212,0,0)
(9427X,28476,262,0)
(08161,27231,255,0)
(9443V,14247,18,0)
(9495Y,28689,58,1)
(9501X,28685,71,1)
(9510X,28542,91,0)
(08165,27839,0,1)
(4622X,17686,149,8)
(1049N,5465,25,3)
(08452,5647,105,0)
(C639M,5717,43,0)
