(08004,27810,7,0)
(08005,20197,18,387)
(08001,22373,2477,19)
(08002,27879,592,2)
(08006,27966,482,0)
(08040,24730,11,1133)
(08042,26874,1394,12)
(1435C,19096,482,26)
(08039,28468,120,0)
(08041,25158,1183,0)
(1060X,28644,136,0)
(9060X,28709,41,3)
(9073X,28736,18,27)
(08080,23612,4095,7)
(9122I,28663,95,2)
(4007Y,28550,225,0)
(4096Y,28601,122,1)
(08355,23965,1632,0)
(08278,7863,133,1)
(08279,26889,1733,0)
(8198Y,24929,131,24)
(7244X,28747,18,0)
(08357,20143,4801,0)
(7261X,28737,27,0)
(8008Y,27800,965,0)
(08360,25536,2534,28)
(08359,24020,4172,0)
(08370,16607,11,2704)
(8057C,28741,25,0)
(8059C,28687,95,0)
(08486,24137,141,0)
(6277X,28433,0,0)
(08492,27320,40,0)
(08427,24604,77,0)
(6307X,10012,3,25)
(08487,27656,261,15)
(6329X,28758,3,0)
(08488,26931,5,215)
(6340X,28770,3,0)
(6364X,28702,17,0)
(08428,21716,2621,0)
(08490,25451,222,0)
(1179B,28542,211,3)
(08016,25567,96,0)
(1186P,28297,427,0)
(1199X,28434,167,169)
(1203D,26914,13,1)
(08014,27899,678,0)
(08012,26656,1362,0)
(08011,22855,96,8)
(08031,13849,8443,0)
(1223P,26790,1910,11)
(1226X,28385,157,12)
(1234P,23569,5181,1)
(08015,19633,19,2)
(1272B,27927,130,5)
(1276F,15592,1809,12)
(1279X,17333,665,23)
(08010,21625,8,885)
(1302F,28183,4,6)
(1309C,28577,187,4)
(1327A,11317,108,906)
(08009,28458,171,0)
(1341B,28723,22,0)
(08052,17604,74,1553)
(2430Y,28613,168,1)
(08210,26003,398,10)
(2453E,28366,393,0)
(2456B,28482,279,1)
(2512Y,28156,600,0)
(08206,19189,444,0)
(2828Y,28744,8,2)
(3319D,28542,223,2)
(3337U,28700,70,1)
(08208,27146,1621,0)
(3422D,28520,221,9)
(08264,3890,106,13441)
(4260,28642,112,1)
(4325X,28656,97,0)
(4340,27325,31,6)
(08333,25476,447,20)
(08336,12864,18,6378)
(4395X,28761,15,0)
(08331,25815,1395,156)
(4427X,28768,3,0)
(4436Y,27889,757,59)
(08330,27151,234,0)
(4464X,28452,302,0)
(4468X,28249,515,2)
(4478X,28724,50,0)
(4486X,28696,53,15)
(4489X,28093,647,0)
(4492E,28761,2,0)
(4497X,27827,49,2)
(4499X,28271,488,0)
(4501X,28731,14,1)
(08337,6800,15,0)
(4520X,28475,288,1)
(0061X,21324,65,1)
(0066X,28322,457,0)
(0073X,28489,291,0)
(08181,26950,135,11)
(0092X,28618,118,4)
(0106X,28646,99,2)
(0114X,28165,156,12)
(0120X,28712,68,0)
(08174,27371,94,17)
(08180,24109,103,0)
(0201X,28706,36,0)
(0222X,28700,72,0)
(08192,23577,1763,6)
(0244X,28754,5,3)
(08186,24444,455,0)
(08188,22087,2276,0)
(2106B,24477,237,0)
(08144,23641,1038,30)
(2290Y,25839,715,185)
(08149,18966,180,10)
(2302N,28274,486,0)
(2311Y,28686,92,2)
(9031C,28614,148,4)
(08063,26332,464,0)
(9069C,28611,159,0)
(08077,26386,33,0)
(3386A,21129,3,4)
(3423I,28669,77,0)
(08254,22667,103,3)
(3436D,28753,4,1)
(3455X,27572,0,1)
(08263,25766,1440,0)
(08261,28183,589,0)
(3475X,19055,8915,1)
(3494U,28748,24,0)
(3503,28770,12,1)
(3504X,27710,1048,1)
(3512X,28747,17,1)
(3514B,28754,5,0)
(3516X,26806,172,1290)
(08252,27021,1252,0)
(08251,27175,137,12)
(3531X,28741,33,0)
(3536X,28761,4,1)
(3540X,28709,40,2)
(3547X,23751,83,702)
(3562X,28247,502,0)
(3565X,28781,3,0)
(08260,20897,1052,0)
(4245X,28515,244,0)
(4339X,28696,44,3)
(4347X,28701,64,0)
(4411C,28717,42,0)
(5906X,28621,153,5)
(08455,28601,27,0)
(5919X,28754,5,11)
(5941X,28235,531,1)
(5950X,28665,10,0)
(08451,27327,791,10)
(08453,25225,1967,1)
(5983X,1008,1,100)
(08457,28388,390,0)
(5996B,28745,15,0)
(08458,23061,56,0)
(6042I,28743,16,0)
(6056X,26410,8,6)
(08020,7514,28,0)
(1096X,28638,24,0)
(08021,26459,1136,22)
(08023,20191,9,0)
(1124E,28094,648,0)
(1135C,27846,909,0)
(1154H,23450,8,13)
(08017,28193,164,0)
(1167B,26871,1123,8)
(1174I,28154,616,2)
(1176A,4374,1,0)
(1740,10344,11,826)
(08032,25656,425,0)
(9016X,28285,176,2)
(08033,20521,7203,2)
(8439X,28767,9,2)
(8472A,21506,53,6)
(8492X,25971,265,4)
(08286,25039,862,0)
(8503Y,28762,3,0)
(8520X,27335,44,91)
(08239,27573,810,0)
(08237,20672,94,0)
(60320,27671,52,0)
(4064Y,28260,408,0)
(08276,27099,148,294)
(08348,24413,63,0)
(4138Y,23659,15,5087)
(08351,26519,553,0)
(08345,15094,4002,0)
(4210Y,18,0,0)
(08271,11085,3327,0)
(4300Y,26837,178,1)
(5304Y,26719,2039,0)
(5341C,26290,53,3)
(4263X,28706,47,22)
(08335,22343,1217,0)
(5361X,27561,1182,2)
(08346,25726,23,2)
(5394X,28768,11,0)
(08410,25582,2880,3)
(5412X,28781,4,1)
(08412,27921,359,0)
(5459X,28522,234,3)
(5470,28290,29,0)
(5598X,28332,5,0)
(5624X,28722,35,0)
(5625X,28257,53,1)
(08230,11428,12975,0)
(08277,23377,65,2)
(4051Y,13426,319,0)
(4070Y,16308,52,3)
(08256,26805,40,2)
(4093Y,18059,39,0)
(4095Y,28763,14,0)
(08231,28248,26,0)
(8155Y,28413,355,0)
(0281Y,28759,1,0)
(0284X,28731,35,1)
(0312X,28734,18,1)
(0320I,28725,18,3)
(08118,21313,4055,0)
(0360X,27623,1054,3)
(0363X,26991,1731,1)
(08184,19007,2039,6)
(0370E,28633,98,17)
(0385X,28748,12,0)
(0394X,27446,1321,0)
(0411X,28683,89,1)
(0421X,28769,7,2)
(0429X,28712,48,0)
(08117,23612,48,0)
(08424,23987,37,72)
(08423,27560,10,67)
(5515X,28644,117,0)
(08419,24919,2692,58)
(08414,24631,517,0)
(6267X,28766,5,1)
(08485,26678,406,0)
(6268Y,28362,13,0)
(6272X,28759,5,2)
(08232,21304,1,0)
(08150,25087,192,14)
(08226,28019,2,3)
(1012P,23381,5215,1)
(08029,26969,314,28)
(1021X,4511,38,1)
(1025X,28041,698,0)
(1026X,28717,9,0)
(08037,26482,2073,0)
(1038X,28632,143,0)
(08026,27399,329,0)
(08036,19573,6180,0)
(1052A,28288,464,3)
(4527X,28719,31,0)
(08381,28149,365,0)
(4554X,28770,2,1)
(08380,28028,57,290)
(4589X,21962,6,44)
(4608X,26261,39,4)
(08383,25563,939,0)
(5769X,28525,230,1)
(5858X,28733,22,1)
(08384,28430,22,0)
(08097,16466,8604,0)
(08091,25015,313,0)
(9207,21686,7009,5)
(08095,23724,210,168)
(9211F,3903,6,16401)
(9453X,22960,5809,0)
(9460X,28124,584,0)
(9491X,28632,103,1)
(9751,28772,0,0)
(9756X,28648,1,3)
(08103,23218,425,0)
(08101,21524,2961,0)
(08104,18887,5348,0)
(08106,19165,2449,0)
(9843A,28486,151,0)
(9855E,28594,184,1)
(9866C,28447,198,2)
(08163,24753,894,0)
(9894Y,22994,5545,3)
(08094,24609,4,24)
(9908X,28581,69,0)
(9911X,28639,125,0)
(08168,25218,3127,0)
(9918Y,28531,138,0)
(9924X,28402,313,0)
(08304,17620,9856,0)
(B158X,28715,58,3)
(08301,28215,190,0)
(B236C,28216,566,0)
(08303,23084,1293,0)
(08306,26676,1155,21)
(08308,28751,10,0)
(08310,27093,694,0)
(B362X,28698,50,6)
(B373X,26362,2417,2)
(08309,24624,5,125)
(B496X,28695,62,2)
(08311,27714,75,1)
(B614E,28353,421,1)
(B644B,28465,303,1)
(B662X,28712,26,6)
(08312,24490,68,5)
(B760X,26341,2425,0)
(B780X,26415,1182,3)
(B825B,27976,44,104)
(08314,27974,274,9)
(08373,26853,754,16)
(08353,24165,4434,0)
(08352,22732,3968,0)
(08354,28211,110,89)
(5210X,28059,472,223)
(08350,27942,166,4)
(08417,27325,297,0)
(5279X,28696,74,0)
(5281X,28044,700,1)
(08347,25934,1848,0)
(5406X,28686,83,0)
(9115X,23238,2665,23)
(9141V,28762,2,0)
(9145Y,28603,123,0)
(08084,25174,829,4)
(9283Y,28459,85,0)
(60040,26076,69,11)
(C038N,28670,0,6)
(C048W,28762,5,0)
(C229X,28758,5,0)
(C239N,28745,1,0)
(C248E,28572,7,0)
(60035,25954,6,11)
(C259X,28450,1,0)
(C611E,996,0,11)
(C612F,28739,0,3)
(C619X,28783,1,3)
(60027,20779,6,0)
(C623I,18045,10,3)
(C625O,26916,27,0)
(C628B,28767,2,0)
(C629I,28743,1,0)
(C629Q,27498,8,0)
(60036,26482,4,0)
(C635B,28721,31,13)
(C639U,28749,4,1)
(C639Y,17727,4,0)
(C648C,28740,2,0)
(C648N,28734,6,0)
(60030,28661,9,7)
(C649R,28119,0,0)
(C656V,27057,198,0)
(C658X,13837,0,118)
(60029,7345,1039,0)
(C665T,28656,77,0)
(C669B,28298,22,4)
(60037,12360,1889,0)
(60045,25639,8,377)
(1541B,28648,119,0)
(08053,27497,4,0)
(08054,19870,7829,0)
(2624C,28322,327,0)
(2626Y,28500,263,0)
(08057,23829,126,117)
(2647Y,28550,123,0)
(08055,25851,288,3)
(2664B,28029,686,5)
(2701D,28720,44,1)
(2728B,28669,95,1)
(2734D,19175,12,3)
(08123,25578,1396,0)
(2742R,28483,276,2)
(9590,28648,102,5)
(08115,23534,2087,0)
(9632X,25155,64,21)
(9638D,26454,139,1114)
(9657X,27481,1259,0)
(08112,27309,364,78)
(9707,28684,85,2)
(08173,25075,195,0)
(9724X,28642,128,2)
(9729X,28488,75,120)
(9744B,27332,1424,1)
(08171,26273,312,0)
(08107,23278,829,0)
(9994X,25833,407,1)
(1297E,28679,87,11)
(1342X,28763,3,0)
(08008,24791,6,0)
(1518A,28434,333,0)
(1521X,28535,94,0)
(1679A,27118,1659,1)
(08215,12194,9,0)
(08229,18726,5307,0)
(3104Y,28626,134,0)
(08146,25072,263,0)
(08145,21543,2956,1)
(3126Y,28491,284,0)
(08221,27186,850,12)
(08221,27186,850,12)
(3170Y,28655,120,0)
(3182Y,28708,55,0)
(08219,25671,585,0)
(08220,24102,2816,0)
(08222,26384,1106,0)
(08217,25179,1799,0)
(3268C,28349,77,2)
(08212,19484,5988,0)
(3343Y,28702,60,0)
(08443,23061,2024,0)
(6032X,28724,55,0)
(6040X,24140,21,0)
(6045X,28687,17,1)
(6050X,28770,3,0)
(6057X,28758,3,2)
(08463,24534,507,0)
(6069X,27699,75,2)
(6076X,28712,8,0)
(6083X,28655,86,1)
(08480,25717,50,0)
(6088X,28573,196,0)
(08413,22580,331,0)
(6127X,28683,93,1)
(08481,27727,29,0)
(08479,27980,123,0)
(6172X,28781,0,0)
(6201X,28698,8,0)
(08484,27816,321,0)
(6213X,26633,101,0)
(6375X,28723,39,0)
(60338,22696,5264,0)
(08432,26703,198,9)
(08434,26571,852,0)
(7026X,28016,13,32)
(08433,24291,1303,17)
(08365,27330,30,76)
(7121A,28641,104,6)
(7138B,28757,5,0)
(08363,27257,294,0)
(7172X,28270,509,0)
(08430,24820,370,0)
(7203A,28280,5,0)
(08426,24617,610,0)
(7218X,28665,100,0)
(7227X,28458,271,0)
(7237E,27022,26,2)
(08356,27714,235,30)
(08030,9688,7932,1)
(1010X,28671,50,4)
(1033X,24234,4339,0)
(9171K,28581,82,0)
(08079,21982,364,0)
(08092,26178,47,0)
(9228J,28571,167,2)
(08088,1470,796,0)
(9245X,28611,86,7)
(9252X,28681,32,0)
(9262P,28658,51,18)
(08085,20712,2785,3)
(08089,13161,1994,0)
(9274X,23040,10,0)
(9280B,28685,75,2)
(08153,11628,294,0)
(08087,27847,213,59)
(08154,20571,622,0)
(9302Y,28677,7,6)
(9995Y,28355,43,0)
(08051,27891,107,0)
(1639X,28408,26,1)
(08048,26139,62,1)
(08047,24592,4120,0)
(08050,22321,3770,0)
(08058,20516,42,2341)
(2243A,28623,150,0)
(2276B,28758,6,3)
(08068,26031,1187,17)
(08072,28129,280,0)
(2401X,27819,660,1)
(2568D,24076,3924,4)
(1466A,28733,34,0)
(1477V,28752,4,0)
(08044,21846,2148,1)
(1489A,28754,8,2)
(08045,27628,491,25)
(1496X,24304,63,8)
(08205,24317,1,1153)
(2847X,8565,54,20159)
(2863C,27111,284,1)
(08202,23071,1535,7)
(08201,28148,593,0)
(2873X,28764,10,0)
(2883R,22592,52,6130)
(2891A,28636,129,3)
(2914C,26433,164,0)
(08129,23666,164,17)
(2918Y,26086,66,0)
(2926B,6114,7,50)
(2930Y,27969,792,0)
(2945A,28741,35,0)
(08195,25536,141,1232)
(2135A,4290,20818,14)
(2140A,5,25849,459)
(08143,24941,18,9)
(2182C,28692,67,3)
(2192C,19,1577,25532)
(08213,24749,0,0)
(08399,26374,90,3)
(08395,25730,1690,0)
(5654X,27715,1065,0)
(5656,28709,46,1)
(5702X,28534,38,3)
(08392,25488,1180,0)
(5726X,28723,2,7)
(5733X,27419,1258,0)
(08391,26899,1655,6)
(08389,11598,13030,0)
(5790Y,28535,240,0)
(08397,26259,1142,0)
(5835X,28736,25,0)
(5891X,28683,30,0)
(5998X,28745,10,0)
(2005Y,28698,52,9)
(2017Y,28232,70,0)
(08148,26515,6,19)
(2059B,25277,124,8)
(2092,25252,346,3)
(2096B,28197,15,8)
(2296A,28704,46,4)
(9344C,28369,21,2)
(9352A,28642,98,1)
(C117A,28713,56,1)
(C117Z,28731,57,0)
(C126A,28732,0,4)
(60004,26346,352,0)
(60005,28633,18,14)
(C148F,28770,0,4)
(C314Z,28765,8,0)
(C315P,28726,35,1)
(C317B,26038,1,0)
(C319W,28701,51,0)
(C328W,28657,0,13)
(60008,27999,27,0)
(C406G,27695,4,4)
(C419X,28349,82,43)
(C428T,28747,0,8)
(60025,28330,43,16)
(60010,24557,4,305)
(C438N,28717,29,8)
(C446G,20014,0,37)
(60015,28277,355,6)
(60020,26981,1306,0)
(C449F,28693,1,12)
(C457I,27926,2,2)
(C458A,28292,3,6)
(60012,27500,315,0)
(C468B,28739,27,5)
(C469N,28764,0,0)
(C916Q,28238,0,13)
(C925F,28781,0,0)
(60001,28217,60,9)
(C939T,28757,0,1)
(08169,24352,183,0)
(0009X,28766,1,1)
(08175,26204,326,15)
(0042Y,28684,79,0)
(9726E,28260,506,0)
(9947X,28594,169,0)
(9961X,28660,116,1)
(9975X,28688,82,0)
(08238,25130,23,0)
(08240,23432,1321,0)
(8354X,28611,145,2)
(08235,27954,2,1)
(8376,28760,3,1)
(8458X,26159,132,10)
(8486X,28478,157,0)
(9374X,3097,0,0)
(08233,27798,2,19)
(9513X,1,7,27435)
(08236,19912,4491,0)
(9531Y,26259,706,2)
(9546B,25101,0,12)
(9550C,28602,141,1)
(9561X,28099,2,2)
(08166,24530,48,3)
(08164,27420,925,0)
(9935X,15728,881,1083)
(9998X,27654,308,0)
(3099Y,28732,48,0)
(3254Y,10379,49,0)
(08272,27716,639,0)
(08270,24563,3385,0)
(08274,18637,344,0)
(08275,9535,9895,0)
(08273,23189,97,623)
(08282,27790,258,0)
(8072Y,28421,350,0)
(8193E,23742,1878,0)
(8270X,28009,48,8)
(8283X,28485,272,2)
(08290,10364,50,0)
(8300X,28521,235,3)
(08281,27005,50,1)
(8319X,28726,34,0)
(08287,26392,1712,0)
(8395X,26364,95,42)
(8409X,27259,3,3)
(08284,27990,144,25)
(08285,28356,416,0)
(2172Y,26932,1475,3)
(08141,27822,0,3)
(2503B,27586,882,11)
(08142,26823,1534,0)
(2517A,28123,637,1)
(2593D,26728,599,13)
(2604B,27361,165,273)
(08024,15613,97,0)
(1056K,28714,9,1)
(08022,23413,588,0)
(08059,27588,280,0)
(1064L,27785,940,3)
(1074C,28094,634,1)
(08035,26837,479,0)
(08025,25887,2237,45)
(2536D,28296,464,0)
(2555B,28121,652,0)
(2611D,27822,918,0)
(08130,27394,10,0)
(08056,26888,393,1)
(08125,22705,628,4)
(2777K,28376,404,0)
(2789H,28148,513,0)
(2804F,26036,549,6)
(2885K,28218,532,0)
(08090,24005,632,0)
(9299X,24660,10,3)
(9321X,25425,3333,1)
(9336D,440,0,77)
(08157,22305,4162,0)
(9390X,23642,0,0)
(08156,27657,555,0)
(9427X,28678,59,1)
(08161,27234,252,0)
(9443V,14265,0,0)
(9495Y,28675,72,1)
(9501X,28685,71,1)
(9510X,28608,25,0)
(08165,27796,43,1)
(4622X,17811,24,8)
(1049N,5487,3,3)
(08452,5717,35,0)
(C639M,5750,10,0)
