(08004,27810,7,0)
(08005,19902,313,387)
(08001,22366,2484,19)
(08002,27466,1000,7)
(08006,27832,616,0)
(08040,24730,11,1133)
(08042,26103,2161,16)
(1435C,18874,706,24)
(08039,28188,400,0)
(08041,23460,2881,0)
(1060X,27762,1018,0)
(9060X,28396,354,3)
(9073X,28691,72,18)
(08080,22753,4951,10)
(9122I,28390,370,0)
(4007Y,27014,1761,0)
(4096Y,28421,301,2)
(08355,22956,2641,0)
(08278,7799,198,0)
(08279,25212,3410,0)
(8198Y,24237,826,21)
(7244X,28570,195,0)
(08357,19453,5491,0)
(7261X,28575,189,0)
(8008Y,27542,1223,0)
(08360,24906,3130,62)
(08359,22062,6130,0)
(08370,16607,11,2704)
(8057C,28665,101,0)
(8059C,28569,213,0)
(08486,23554,724,0)
(6277X,28385,48,0)
(08492,27320,40,0)
(08427,23626,1055,0)
(6307X,10002,15,23)
(08487,27476,441,15)
(6329X,28746,15,0)
(08488,26931,5,215)
(6340X,28763,9,1)
(6364X,28645,74,0)
(08428,20050,4287,0)
(08490,25268,405,0)
(1179B,28187,569,0)
(08016,25567,96,0)
(1186P,26581,2143,0)
(1199X,26673,1931,166)
(1203D,26853,66,9)
(08014,27533,1044,0)
(08012,26418,1600,0)
(08011,22777,161,21)
(08031,13610,8682,0)
(1223P,25525,3179,7)
(1226X,27552,990,12)
(1234P,20827,7924,0)
(08015,19561,91,2)
(1272B,26969,1088,5)
(1276F,14282,3119,12)
(1279X,16456,1543,22)
(08010,21625,8,885)
(1302F,28135,53,5)
(1309C,28286,479,3)
(1327A,11220,205,906)
(08009,28243,386,0)
(1341B,28641,104,0)
(08052,17604,74,1553)
(2430Y,28458,324,0)
(08210,25107,1294,10)
(2453E,28114,645,0)
(2456B,28186,576,0)
(2512Y,27908,848,0)
(08206,18667,966,0)
(2828Y,28706,48,0)
(3319D,27530,1235,2)
(3337U,28199,572,0)
(08208,25701,3066,0)
(3422D,28153,593,4)
(08264,3890,106,13441)
(4260,27887,868,0)
(4325X,28443,308,2)
(4340,27112,244,6)
(08333,25476,447,20)
(08336,12864,18,6378)
(4395X,28649,127,0)
(08331,24944,2266,156)
(4427X,28662,108,1)
(4436Y,27820,825,60)
(08330,26506,879,0)
(4464X,27313,1441,0)
(4468X,27880,886,0)
(4478X,28350,424,0)
(4486X,28675,84,5)
(4489X,27533,1205,2)
(4492E,28626,137,0)
(4497X,27475,401,2)
(4499X,28092,667,0)
(4501X,28680,66,0)
(08337,6800,15,0)
(4520X,28078,685,1)
(0061X,21285,104,1)
(0066X,27243,1536,0)
(0073X,27489,1291,0)
(08181,26908,177,11)
(0092X,28532,204,4)
(0106X,28296,449,2)
(0114X,27775,547,11)
(0120X,28169,611,0)
(08174,27371,94,17)
(08180,23995,217,0)
(0201X,28454,288,0)
(0222X,28365,407,0)
(08192,22534,2812,0)
(0244X,28709,50,3)
(08186,23911,988,0)
(08188,20165,4198,0)
(2106B,24372,342,0)
(08144,23641,1038,30)
(2290Y,25077,1481,181)
(08149,18966,180,10)
(2302N,27709,1051,0)
(2311Y,28327,452,1)
(9031C,28254,511,1)
(08063,26332,464,0)
(9069C,28336,434,0)
(08077,26124,295,0)
(3386A,21120,13,3)
(3423I,28323,423,0)
(08254,22667,103,3)
(3436D,28618,140,0)
(3455X,27557,16,0)
(08263,24797,2409,0)
(08261,27470,1302,0)
(3475X,19013,8958,0)
(3494U,28234,538,0)
(3503,28678,105,0)
(3504X,27681,1078,0)
(3512X,28503,261,1)
(3514B,28703,56,0)
(3516X,26655,324,1289)
(08252,26566,1707,0)
(08251,27175,137,12)
(3531X,28654,120,0)
(3536X,28684,81,1)
(3540X,28502,248,1)
(3547X,23532,302,702)
(3562X,27374,1375,0)
(3565X,28773,10,1)
(08260,20742,1207,0)
(4245X,27440,1319,0)
(4339X,28392,348,3)
(4347X,28571,194,0)
(4411C,28633,126,0)
(5906X,28465,311,3)
(08455,28393,235,0)
(5919X,28717,45,8)
(5941X,27898,868,1)
(5950X,28523,152,0)
(08451,26724,1394,10)
(08453,25040,2153,0)
(5983X,1002,6,101)
(08457,28254,523,1)
(5996B,28719,41,0)
(08458,23033,84,0)
(6042I,28598,161,0)
(6056X,26402,16,6)
(08020,7360,182,0)
(1096X,28467,195,0)
(08021,25834,1760,23)
(08023,20183,17,0)
(1124E,27217,1525,0)
(1135C,26953,1802,0)
(1154H,23411,49,11)
(08017,28062,295,0)
(1167B,25258,2736,8)
(1174I,27198,1571,3)
(1176A,4357,18,0)
(1740,10305,50,826)
(08032,24877,1204,0)
(9016X,27826,635,2)
(08033,18656,9055,15)
(8439X,28491,287,0)
(8472A,21265,299,1)
(8492X,24968,1268,4)
(08286,24821,1080,0)
(8503Y,28749,16,0)
(8520X,27311,101,58)
(08239,27402,981,0)
(08237,20414,343,9)
(60320,27443,280,0)
(4064Y,27244,1424,0)
(08276,27099,148,294)
(08348,24105,371,0)
(4138Y,23647,27,5087)
(08351,26519,553,0)
(08345,14519,4573,4)
(4210Y,17,1,0)
(08271,10056,4356,0)
(4300Y,25878,1137,1)
(5304Y,26097,2661,0)
(5341C,24938,1405,3)
(4263X,28018,735,22)
(08335,21693,1867,0)
(5361X,24785,3958,2)
(08346,25726,23,2)
(5394X,28607,172,0)
(08410,24996,3465,4)
(5412X,28753,32,1)
(08412,27281,999,0)
(5459X,27293,1463,3)
(5470,28126,193,0)
(5598X,28268,69,0)
(5624X,28534,222,1)
(5625X,27949,362,0)
(08230,8853,15550,0)
(08277,23377,65,2)
(4051Y,12961,784,0)
(4070Y,16025,336,2)
(08256,26805,40,2)
(4093Y,17893,205,0)
(4095Y,28330,447,0)
(08231,27817,457,0)
(8155Y,28067,701,0)
(0281Y,28740,20,0)
(0284X,28657,110,0)
(0312X,28525,228,0)
(0320I,28611,132,3)
(08118,17170,8198,0)
(0360X,25336,3342,2)
(0363X,26739,1984,0)
(08184,18259,2785,8)
(0370E,27367,1365,16)
(0385X,28692,68,0)
(0394X,25964,2803,0)
(0411X,28438,334,1)
(0421X,28686,91,1)
(0429X,28208,552,0)
(08117,23374,286,0)
(08424,23987,37,72)
(08423,27560,10,67)
(5515X,27844,917,0)
(08419,23263,4348,58)
(08414,23699,1449,0)
(6267X,28702,70,0)
(08485,25692,1392,0)
(6268Y,28075,300,0)
(6272X,28677,89,0)
(08232,19643,1662,0)
(08150,25087,192,14)
(08226,27999,22,3)
(1012P,22464,6132,1)
(08029,26650,631,30)
(1021X,4441,108,1)
(1025X,27420,1319,0)
(1026X,28619,107,0)
(08037,24961,3594,0)
(1038X,27713,1062,0)
(08026,27294,434,0)
(08036,18381,7372,0)
(1052A,28134,618,3)
(4527X,28286,464,0)
(08381,27070,1444,0)
(4554X,28754,18,1)
(08380,28028,57,290)
(4589X,21939,41,32)
(4608X,26115,185,4)
(08383,25302,1200,0)
(5769X,27386,1370,0)
(5858X,28578,177,1)
(08384,28330,121,1)
(08097,14186,10884,0)
(08091,24475,853,0)
(9207,21173,7522,5)
(08095,23724,210,168)
(9211F,3850,60,16400)
(9453X,21323,7446,0)
(9460X,26715,1993,0)
(9491X,28494,241,1)
(9751,28750,22,0)
(9756X,28639,11,2)
(08103,23218,425,0)
(08101,17254,7230,1)
(08104,16092,8143,0)
(08106,17427,4187,0)
(9843A,27415,1222,0)
(9855E,28225,554,0)
(9866C,27704,940,3)
(08163,23858,1789,0)
(9894Y,22369,6171,2)
(08094,24587,43,7)
(9908X,28446,204,0)
(9911X,28095,669,0)
(08168,23879,4466,0)
(9918Y,28194,475,0)
(9924X,28181,534,0)
(08304,16523,10953,0)
(B158X,28671,104,1)
(08301,26100,2305,0)
(B236C,27136,1646,0)
(08303,22836,1541,0)
(08306,26048,1783,21)
(08308,28731,29,1)
(08310,25413,2374,0)
(B362X,28524,225,5)
(B373X,25251,3530,0)
(08309,24624,6,124)
(B496X,28674,84,1)
(08311,27626,164,0)
(B614E,27255,1519,1)
(B644B,26306,2462,1)
(B662X,28572,168,4)
(08312,24490,68,5)
(B760X,25567,3199,0)
(B780X,26106,1493,1)
(B825B,27868,152,104)
(08314,27849,390,18)
(08373,26440,1164,19)
(08353,23037,5562,0)
(08352,21714,4986,0)
(08354,28211,110,89)
(5210X,26906,1625,223)
(08350,27942,166,4)
(08417,26048,1574,0)
(5279X,28163,607,0)
(5281X,25650,3094,1)
(08347,23522,4260,0)
(5406X,28075,694,0)
(9115X,23196,2710,20)
(9141V,28705,59,0)
(9145Y,28388,338,0)
(08084,24579,1169,259)
(9283Y,28280,264,0)
(60040,26020,118,18)
(C038N,28670,6,0)
(C048W,28734,33,0)
(C229X,28741,22,0)
(C239N,28744,2,0)
(C248E,28554,25,0)
(60035,25947,12,12)
(C259X,28449,2,0)
(C611E,993,4,10)
(C612F,28724,17,1)
(C619X,28776,10,1)
(60027,20779,6,0)
(C623I,17934,124,0)
(C625O,26646,297,0)
(C628B,28692,77,0)
(C629I,28729,15,0)
(C629Q,27460,46,0)
(60036,26392,94,0)
(C635B,28689,75,1)
(C639U,28742,11,1)
(C639Y,17710,21,0)
(C648C,28740,2,0)
(C648N,28708,32,0)
(60030,28642,26,9)
(C649R,28119,0,0)
(C656V,27000,255,0)
(C658X,13856,6,93)
(60029,7109,1275,0)
(C665T,28633,100,0)
(C669B,28244,75,5)
(60037,12031,2218,0)
(60045,25639,8,377)
(1541B,28070,697,0)
(08053,27422,79,0)
(08054,16143,11556,0)
(2624C,26975,1674,0)
(2626Y,28180,583,0)
(08057,23829,126,117)
(2647Y,28487,186,0)
(08055,25449,690,3)
(2664B,27908,807,5)
(2701D,28568,197,0)
(2728B,28629,136,0)
(2734D,19031,158,1)
(08123,25087,1887,0)
(2742R,28333,427,1)
(9590,28507,243,5)
(08115,18963,6658,0)
(9632X,24003,1219,18)
(9638D,26401,192,1114)
(9657X,24630,4109,1)
(08112,27309,364,78)
(9707,27787,984,0)
(08173,23538,1732,0)
(9724X,28565,203,4)
(9729X,28346,251,86)
(9744B,24654,4102,1)
(08171,25629,956,0)
(08107,18868,5239,0)
(9994X,25267,973,1)
(1297E,27972,798,7)
(1342X,28701,65,0)
(08008,24745,52,0)
(1518A,28046,721,0)
(1521X,28477,151,1)
(1679A,22816,5962,0)
(08215,12095,108,0)
(08229,17677,6356,0)
(3104Y,28238,522,0)
(08146,24205,1130,0)
(08145,21346,3154,0)
(3126Y,27173,1602,0)
(08221,27063,972,13)
(08221,27063,972,13)
(3170Y,28296,479,0)
(3182Y,28247,516,0)
(08219,25148,1108,0)
(08220,22824,4094,0)
(08222,26019,1471,0)
(08217,24763,2215,0)
(3268C,27850,578,0)
(08212,18745,6727,0)
(3343Y,28485,277,0)
(08443,21777,3308,0)
(6032X,28471,308,0)
(6040X,23819,342,0)
(6045X,28459,246,0)
(6050X,28674,99,0)
(6057X,28733,30,0)
(08463,24534,507,0)
(6069X,27278,497,1)
(6076X,28665,55,0)
(6083X,28543,199,0)
(08480,25571,196,0)
(6088X,28065,704,0)
(08413,20958,1953,0)
(6127X,28246,531,0)
(08481,27558,198,0)
(08479,27880,223,0)
(6172X,28754,27,0)
(6201X,28612,94,0)
(08484,27641,496,0)
(6213X,26525,209,0)
(6375X,28278,484,0)
(60338,21785,6175,0)
(08432,26703,198,9)
(08434,26029,1394,0)
(7026X,27956,74,31)
(08433,24213,1381,17)
(08365,27330,30,76)
(7121A,28539,208,4)
(7138B,28613,149,0)
(08363,26781,770,0)
(7172X,27983,796,0)
(08430,23962,1228,0)
(7203A,28188,97,0)
(08426,22420,2807,0)
(7218X,27679,1086,0)
(7227X,28170,559,0)
(7237E,26965,85,0)
(08356,27714,235,30)
(08030,8836,8785,0)
(1010X,26986,1734,5)
(1033X,22898,5675,0)
(9171K,28398,265,0)
(08079,21190,1155,1)
(08092,26048,177,0)
(9228J,28420,318,2)
(08088,1456,810,0)
(9245X,28502,198,4)
(9252X,28588,125,0)
(9262P,28601,115,11)
(08085,19719,3777,4)
(08089,12604,2551,0)
(9274X,22863,187,0)
(9280B,28568,194,0)
(08153,11300,622,0)
(08087,27847,213,59)
(08154,19893,1300,0)
(9302Y,28578,106,6)
(9995Y,28016,381,1)
(08051,27891,107,0)
(1639X,28356,79,0)
(08048,25015,1186,1)
(08047,17965,10747,0)
(08050,20723,5368,0)
(08058,20516,42,2341)
(2243A,28084,689,0)
(2276B,28665,99,3)
(08068,26031,1187,17)
(08072,28014,395,0)
(2401X,26925,1554,1)
(2568D,23735,4265,4)
(1466A,28316,451,0)
(1477V,28622,133,1)
(08044,21840,2154,1)
(1489A,28606,158,0)
(08045,27158,956,30)
(1496X,24065,300,10)
(08205,24317,1,1153)
(2847X,8550,69,20159)
(2863C,26552,844,0)
(08202,22420,2184,9)
(08201,27189,1552,0)
(2873X,28686,88,0)
(2883R,22303,342,6129)
(2891A,28346,421,1)
(2914C,26176,421,0)
(08129,23666,164,17)
(2918Y,26071,81,0)
(2926B,6073,49,49)
(2930Y,27301,1460,0)
(2945A,28616,160,0)
(08195,25536,141,1232)
(2135A,4280,20831,11)
(08143,24941,18,9)
(2182C,28588,172,2)
(2192C,19,1577,25532)
(08213,24741,8,0)
(08399,26374,90,3)
(08395,24570,2850,0)
(5654X,26354,2426,0)
(5656,28634,122,0)
(5702X,28453,122,0)
(08392,24119,2549,0)
(5726X,28666,61,5)
(5733X,26075,2602,0)
(08391,26419,2133,8)
(08389,11002,13626,0)
(5790Y,28044,731,0)
(08397,25513,1888,0)
(5835X,28467,294,0)
(5891X,28557,155,1)
(5998X,28572,183,0)
(2005Y,28555,197,7)
(2017Y,28149,153,0)
(08148,26470,51,19)
(2059B,24887,514,8)
(2092,24971,627,3)
(2096B,28097,119,4)
(2296A,28599,151,4)
(9344C,28184,206,2)
(9352A,28480,260,1)
(C117A,28625,145,0)
(C117Z,28559,229,0)
(C126A,28728,4,4)
(60004,25905,791,2)
(60005,28619,32,14)
(C148F,28772,0,2)
(C314Z,28757,16,0)
(C315P,28682,79,1)
(C317B,26035,4,0)
(C319W,28617,135,0)
(C328W,28659,9,2)
(60008,27838,188,0)
(C406G,27651,48,4)
(C419X,27974,457,43)
(C428T,28745,5,5)
(60025,28296,77,16)
(60010,24548,13,305)
(C438N,28697,56,1)
(C446G,20004,12,35)
(60015,28149,474,15)
(60020,26440,1847,0)
(C449F,28694,12,0)
(C457I,27916,13,1)
(C458A,28286,8,7)
(60012,25073,2742,0)
(C468B,28721,50,0)
(C469N,28763,1,0)
(C916Q,28238,2,11)
(C925F,28778,3,0)
(60001,28196,81,9)
(C939T,28758,0,0)
(08169,23512,1023,0)
(0009X,28690,78,0)
(08175,25890,636,19)
(0042Y,28515,248,0)
(9726E,28113,653,0)
(9947X,28543,220,0)
(9961X,27407,1369,1)
(9975X,28205,565,0)
(08238,25128,25,0)
(08240,22350,2403,0)
(8354X,28437,321,0)
(08235,27935,22,0)
(8376,28714,50,0)
(8458X,25950,343,8)
(8486X,28439,195,1)
(9374X,3090,7,0)
(08233,27763,37,19)
(9513X,3,7,27433)
(08236,16796,7607,0)
(9531Y,25411,1556,0)
(9546B,25095,8,10)
(9550C,28588,155,1)
(9561X,28072,31,0)
(08166,24530,48,3)
(08164,25528,2817,0)
(9935X,14079,2530,1083)
(9998X,27103,859,0)
(3099Y,28641,139,0)
(3254Y,10327,101,0)
(08272,27424,931,0)
(08270,23573,4374,1)
(08274,18637,344,0)
(08275,9323,10107,0)
(08273,23189,97,623)
(08282,26536,1512,0)
(8072Y,28174,596,1)
(8193E,22132,3488,0)
(8270X,27451,608,6)
(8283X,27438,1319,2)
(08290,10364,50,0)
(8300X,28390,366,3)
(08281,27005,50,1)
(8319X,28399,361,0)
(08287,25550,2554,0)
(8395X,26006,442,53)
(8409X,27219,43,3)
(08284,27837,297,25)
(08285,27513,1259,0)
(2172Y,25499,2908,3)
(08141,27817,5,3)
(2503B,27530,943,6)
(08142,24497,3860,0)
(2517A,27875,886,0)
(2593D,26480,849,11)
(2604B,27309,345,145)
(08024,15571,139,0)
(1056K,28651,73,0)
(08022,23307,694,0)
(08059,27444,424,0)
(1064L,27085,1640,3)
(1074C,27583,1145,1)
(08035,24587,2727,2)
(08025,25360,2761,48)
(2536D,28177,583,0)
(2555B,27708,1065,0)
(2611D,27601,1139,0)
(08130,27097,307,0)
(08056,26888,393,1)
(08125,22705,628,4)
(2777K,27656,1123,1)
(2789H,27686,975,0)
(2804F,26006,579,6)
(2885K,27990,760,0)
(08090,23312,1325,0)
(9299X,24588,82,3)
(9321X,24503,4255,1)
(9336D,440,0,77)
(08157,21004,5463,0)
(9390X,23582,60,0)
(08156,27657,555,0)
(9427X,28300,438,0)
(08161,27031,455,0)
(9443V,14254,11,0)
(9495Y,28482,265,1)
(9501X,28606,150,1)
(9510X,28531,102,0)
(08165,27796,43,1)
(4622X,17543,292,8)
(1049N,5470,20,3)
(08452,5665,87,0)
(C639M,5738,22,0)
